2 0.08671875 0.6972222222222222 0.024479166666666666 0.025925925925925925
2 0.20104166666666667 0.7310185185185185 0.025 0.03611111111111111
2 0.2565104166666667 0.41898148148148145 0.0203125 0.04537037037037037
2 0.32890625 0.4152777777777778 0.022395833333333334 0.04722222222222222
2 0.33541666666666664 0.30648148148148147 0.0125 0.02962962962962963
2 0.38697916666666665 0.30185185185185187 0.0125 0.03148148148148148
2 0.8614583333333333 0.7444444444444445 0.026041666666666668 0.037037037037037035
2 0.9393229166666667 0.7333333333333333 0.0234375 0.03518518518518519
2 0.77734375 0.4449074074074074 0.018229166666666668 0.032407407407407406
2 0.7026041666666667 0.4101851851851852 0.014583333333333334 0.02962962962962963
2 0.67421875 0.36342592592592593 0.011979166666666667 0.025
2 0.7166666666666667 0.3509259259259259 0.010416666666666666 0.024074074074074074
2 0.7455729166666667 0.38935185185185184 0.011979166666666667 0.026851851851851852
2 0.5494791666666666 0.2222222222222222 0.005208333333333333 0.012962962962962963
2 0.6208333333333333 0.2300925925925926 0.00625 0.013888888888888888
2 0.5106770833333333 0.18472222222222223 0.0046875 0.010185185185185186
1 0.17838541666666666 0.3875 0.016145833333333335 0.021296296296296296
3 0.44947916666666665 0.1574074074074074 0.010416666666666666 0.03888888888888889
3 0.57265625 0.16064814814814815 0.009895833333333333 0.03981481481481482