2 0.0875 0.6990740740740741 0.023958333333333335 0.03333333333333333
2 0.20182291666666666 0.7333333333333333 0.0296875 0.04259259259259259
2 0.8614583333333333 0.7444444444444445 0.027083333333333334 0.03888888888888889
2 0.940625 0.7337962962962963 0.025 0.03611111111111111
2 0.32864583333333336 0.41712962962962963 0.022916666666666665 0.04722222222222222
2 0.25729166666666664 0.4185185185185185 0.025 0.044444444444444446
2 0.77734375 0.44583333333333336 0.019270833333333334 0.030555555555555555
2 0.7020833333333333 0.4111111111111111 0.015625 0.02962962962962963
2 0.7432291666666667 0.3939814814814815 0.013541666666666667 0.028703703703703703
2 0.6739583333333333 0.3638888888888889 0.014583333333333334 0.025925925925925925
2 0.7171875 0.35324074074074074 0.011458333333333333 0.025
2 0.38697916666666665 0.30185185185185187 0.013541666666666667 0.02962962962962963
2 0.33671875 0.30648148148148147 0.0109375 0.03148148148148148
2 0.5489583333333333 0.2222222222222222 0.00625 0.012962962962962963
2 0.6208333333333333 0.22962962962962963 0.00625 0.012962962962962963
2 0.5106770833333333 0.18472222222222223 0.0036458333333333334 0.008333333333333333
0 0.3203125 0.3175925925925926 0.058333333333333334 0.15185185185185185
1 0.3104166666666667 0.4050925925925926 0.016666666666666666 0.026851851851851852
1 0.178125 0.3888888888888889 0.016666666666666666 0.024074074074074074
3 0.4510416666666667 0.15648148148148147 0.009375 0.03888888888888889
3 0.5723958333333333 0.16018518518518518 0.010416666666666666 0.040740740740740744