2 0.9390625 0.7356481481481482 0.020833333333333332 0.028703703703703703
2 0.8611979166666667 0.7462962962962963 0.024479166666666666 0.03148148148148148
2 0.7760416666666666 0.44675925925925924 0.021875 0.030555555555555555
2 0.08567708333333333 0.6967592592592593 0.022395833333333334 0.026851851851851852
2 0.2 0.7314814814814815 0.022916666666666665 0.03148148148148148
2 0.7013020833333333 0.4115740740740741 0.019270833333333334 0.028703703703703703
2 0.74140625 0.3939814814814815 0.018229166666666668 0.026851851851851852
2 0.715625 0.3537037037037037 0.014583333333333334 0.022222222222222223
2 0.6739583333333333 0.3648148148148148 0.017708333333333333 0.025925925925925925
2 0.25703125 0.41944444444444445 0.0203125 0.04259259259259259
2 0.33177083333333335 0.4134259259259259 0.020833333333333332 0.04537037037037037
2 0.33619791666666665 0.30694444444444446 0.0140625 0.028703703703703703
2 0.3885416666666667 0.30277777777777776 0.0125 0.02962962962962963
2 0.5494791666666666 0.22175925925925927 0.00625 0.012037037037037037
2 0.5106770833333333 0.18425925925925926 0.0036458333333333334 0.007407407407407408
1 0.17838541666666666 0.3888888888888889 0.015104166666666667 0.020370370370370372
1 0.63125 0.2324074074074074 0.008333333333333333 0.011111111111111112
0 0.62109375 0.20416666666666666 0.024479166666666666 0.07314814814814814
3 0.45078125 0.15648148148148147 0.008854166666666666 0.03888888888888889
3 0.5729166666666666 0.16064814814814815 0.009375 0.03981481481481482