1 0.17916666666666667 0.3888888888888889 0.015625 0.024074074074074074
1 0.6736979166666667 0.2689814814814815 0.008854166666666666 0.013888888888888888
1 0.62109375 0.23055555555555557 0.0046875 0.012962962962962963
2 0.20208333333333334 0.7333333333333333 0.028125 0.04259259259259259
2 0.0875 0.6967592592592593 0.023958333333333335 0.03981481481481482
2 0.2559895833333333 0.41944444444444445 0.0203125 0.046296296296296294
2 0.32760416666666664 0.41574074074074074 0.020833333333333332 0.05
2 0.33567708333333335 0.3060185185185185 0.0140625 0.03425925925925926
2 0.38671875 0.300462962962963 0.011979166666666667 0.030555555555555555
2 0.86171875 0.7449074074074075 0.024479166666666666 0.030555555555555555
2 0.9403645833333333 0.7328703703703704 0.024479166666666666 0.030555555555555555
2 0.7770833333333333 0.4449074074074074 0.01875 0.030555555555555555
2 0.7026041666666667 0.4101851851851852 0.015625 0.027777777777777776
2 0.74296875 0.39444444444444443 0.0140625 0.025925925925925925
2 0.67421875 0.36435185185185187 0.015104166666666667 0.025
2 0.7171875 0.3527777777777778 0.010416666666666666 0.022222222222222223
2 0.5489583333333333 0.22175925925925927 0.00625 0.012037037037037037
2 0.5104166666666666 0.1837962962962963 0.004166666666666667 0.008333333333333333
0 0.68359375 0.24212962962962964 0.024479166666666666 0.09907407407407408
3 0.5734375 0.1597222222222222 0.008333333333333333 0.03981481481481482
3 0.45078125 0.15694444444444444 0.0078125 0.03981481481481482