2 0.20130208333333333 0.7305555555555555 0.033854166666666664 0.03148148148148148
2 0.08567708333333333 0.6958333333333333 0.021354166666666667 0.026851851851851852
2 0.9375 0.736574074074074 0.028125 0.028703703703703703
2 0.86171875 0.7462962962962963 0.024479166666666666 0.03148148148148148
2 0.7760416666666666 0.4462962962962963 0.020833333333333332 0.027777777777777776
2 0.7015625 0.41064814814814815 0.01875 0.026851851851851852
2 0.7416666666666667 0.3925925925925926 0.016666666666666666 0.024074074074074074
2 0.715625 0.35324074074074074 0.014583333333333334 0.021296296296296296
2 0.6736979166666667 0.3648148148148148 0.0171875 0.024074074074074074
2 0.33098958333333334 0.41435185185185186 0.0234375 0.04537037037037037
2 0.25677083333333334 0.41944444444444445 0.020833333333333332 0.044444444444444446
2 0.3885416666666667 0.30277777777777776 0.0125 0.02962962962962963
2 0.3372395833333333 0.3074074074074074 0.011979166666666667 0.02962962962962963
2 0.6213541666666667 0.23055555555555557 0.005208333333333333 0.012962962962962963
2 0.5104166666666666 0.1837962962962963 0.003125 0.008333333333333333
1 0.17786458333333333 0.3888888888888889 0.015104166666666667 0.020370370370370372
1 0.5408854166666667 0.22546296296296298 0.0067708333333333336 0.010185185185185186
0 0.5505208333333333 0.20324074074074075 0.025 0.07314814814814814
3 0.4505208333333333 0.15694444444444444 0.008333333333333333 0.03981481481481482
3 0.5723958333333333 0.16018518518518518 0.010416666666666666 0.03888888888888889