2 0.8619791666666666 0.7458333333333333 0.025 0.030555555555555555
2 0.9403645833333333 0.7356481481481482 0.025520833333333333 0.030555555555555555
2 0.7770833333333333 0.4462962962962963 0.017708333333333333 0.03148148148148148
2 0.0859375 0.6962962962962963 0.026041666666666668 0.03518518518518519
2 0.20234375 0.7324074074074074 0.027604166666666666 0.037037037037037035
2 0.2565104166666667 0.4185185185185185 0.021354166666666667 0.046296296296296294
2 0.32890625 0.4148148148148148 0.022395833333333334 0.04814814814814815
2 0.33515625 0.30787037037037035 0.013020833333333334 0.030555555555555555
2 0.38697916666666665 0.3023148148148148 0.0125 0.030555555555555555
2 0.7028645833333333 0.4111111111111111 0.016145833333333335 0.027777777777777776
2 0.7421875 0.3925925925925926 0.015625 0.025925925925925925
2 0.6755208333333333 0.3648148148148148 0.015625 0.024074074074074074
2 0.7171875 0.35185185185185186 0.010416666666666666 0.022222222222222223
2 0.6208333333333333 0.23055555555555557 0.00625 0.012962962962962963
2 0.5489583333333333 0.2222222222222222 0.005208333333333333 0.012962962962962963
2 0.51015625 0.18472222222222223 0.0036458333333333334 0.008333333333333333
1 0.178125 0.38796296296296295 0.015625 0.020370370370370372
1 0.5940104166666667 0.17824074074074073 0.0036458333333333334 0.006481481481481481
0 0.59921875 0.16574074074074074 0.015104166666666667 0.037037037037037035
3 0.5736979166666667 0.16018518518518518 0.0078125 0.03888888888888889
3 0.45078125 0.15694444444444444 0.008854166666666666 0.03981481481481482