2 0.9377604166666667 0.7342592592592593 0.028645833333333332 0.027777777777777776
2 0.8580729166666666 0.7453703703703703 0.030729166666666665 0.03148148148148148
2 0.2 0.7305555555555555 0.03333333333333333 0.03148148148148148
2 0.08619791666666667 0.6962962962962963 0.021354166666666667 0.025925925925925925
2 0.77578125 0.4462962962962963 0.021354166666666667 0.02962962962962963
2 0.7411458333333333 0.39351851851851855 0.017708333333333333 0.025925925925925925
2 0.25677083333333334 0.41944444444444445 0.020833333333333332 0.046296296296296294
2 0.33098958333333334 0.4134259259259259 0.022395833333333334 0.04537037037037037
2 0.6736979166666667 0.36435185185185187 0.0171875 0.023148148148148147
2 0.70390625 0.41064814814814815 0.008854166666666666 0.026851851851851852
2 0.33619791666666665 0.30694444444444446 0.0140625 0.028703703703703703
2 0.38776041666666666 0.30277777777777776 0.0140625 0.02962962962962963
2 0.5486979166666667 0.22175925925925927 0.005729166666666666 0.012037037037037037
2 0.62109375 0.2300925925925926 0.005729166666666666 0.012037037037037037
2 0.5104166666666666 0.18425925925925926 0.003125 0.007407407407407408
1 0.178125 0.3888888888888889 0.015625 0.020370370370370372
1 0.68359375 0.41435185185185186 0.011979166666666667 0.026851851851851852
0 0.7057291666666666 0.3574074074074074 0.06770833333333333 0.17962962962962964
3 0.45 0.1574074074074074 0.009375 0.03888888888888889
3 0.5729166666666666 0.16064814814814815 0.009375 0.03981481481481482