2 0.8622395833333333 0.7462962962962963 0.024479166666666666 0.03518518518518519
2 0.9408854166666667 0.7351851851851852 0.022395833333333334 0.02962962962962963
2 0.6729166666666667 0.36435185185185187 0.013541666666666667 0.023148148148148147
2 0.7174479166666666 0.3523148148148148 0.0109375 0.025
2 0.7466145833333333 0.38981481481481484 0.0109375 0.025925925925925925
2 0.70234375 0.40925925925925927 0.013020833333333334 0.02962962962962963
2 0.7776041666666667 0.4449074074074074 0.013541666666666667 0.030555555555555555
2 0.08671875 0.6972222222222222 0.024479166666666666 0.03333333333333333
2 0.20286458333333332 0.7347222222222223 0.027604166666666666 0.03425925925925926
2 0.25755208333333335 0.4185185185185185 0.0203125 0.044444444444444446
2 0.32838541666666665 0.41712962962962963 0.022395833333333334 0.04537037037037037
2 0.33489583333333334 0.30694444444444446 0.013541666666666667 0.028703703703703703
2 0.3875 0.3023148148148148 0.0125 0.030555555555555555
2 0.6205729166666667 0.22916666666666666 0.005729166666666666 0.012037037037037037
2 0.54921875 0.2222222222222222 0.005729166666666666 0.012962962962962963
1 0.17786458333333333 0.3888888888888889 0.015104166666666667 0.020370370370370372
1 0.6015625 0.2273148148148148 0.007291666666666667 0.010185185185185186
1 0.5106770833333333 0.18425925925925926 0.0036458333333333334 0.009259259259259259
3 0.4513020833333333 0.15648148148148147 0.0078125 0.03888888888888889
3 0.57265625 0.16064814814814815 0.009895833333333333 0.03981481481481482
0 0.5921875 0.19537037037037036 0.029166666666666667 0.07962962962962963