2 0.08697916666666666 0.6976851851851852 0.020833333333333332 0.026851851851851852
2 0.20078125 0.7291666666666666 0.025520833333333333 0.03796296296296296
2 0.25729166666666664 0.4185185185185185 0.020833333333333332 0.046296296296296294
2 0.32890625 0.4162037037037037 0.021354166666666667 0.04537037037037037
2 0.86171875 0.7449074074074075 0.025520833333333333 0.03611111111111111
2 0.9395833333333333 0.7347222222222223 0.025 0.03425925925925926
2 0.7763020833333333 0.44537037037037036 0.0171875 0.03148148148148148
2 0.7026041666666667 0.41203703703703703 0.014583333333333334 0.027777777777777776
2 0.7416666666666667 0.39351851851851855 0.015625 0.025925925925925925
2 0.6744791666666666 0.36435185185185187 0.013541666666666667 0.023148148148148147
2 0.7166666666666667 0.3527777777777778 0.011458333333333333 0.022222222222222223
2 0.33515625 0.3074074074074074 0.011979166666666667 0.03148148148148148
2 0.38645833333333335 0.3023148148148148 0.0125 0.030555555555555555
2 0.6205729166666667 0.2300925925925926 0.005729166666666666 0.012037037037037037
2 0.54921875 0.22175925925925927 0.005729166666666666 0.012037037037037037
2 0.5106770833333333 0.18472222222222223 0.0046875 0.008333333333333333
1 0.17838541666666666 0.3888888888888889 0.015104166666666667 0.024074074074074074
1 0.5307291666666667 0.17592592592592593 0.004166666666666667 0.009259259259259259
3 0.4510416666666667 0.15601851851851853 0.007291666666666667 0.03981481481481482
3 0.5729166666666666 0.16018518518518518 0.009375 0.040740740740740744
0 0.5369791666666667 0.16064814814814815 0.015625 0.03981481481481482