2 0.20286458333333332 0.7324074074074074 0.0265625 0.03888888888888889
2 0.08828125 0.6962962962962963 0.025520833333333333 0.03888888888888889
2 0.25755208333333335 0.4222222222222222 0.024479166666666666 0.046296296296296294
2 0.328125 0.4152777777777778 0.023958333333333335 0.049074074074074076
2 0.38723958333333336 0.3023148148148148 0.0140625 0.032407407407407406
2 0.33671875 0.3055555555555556 0.0140625 0.03518518518518519
2 0.7028645833333333 0.4115740740740741 0.0203125 0.028703703703703703
2 0.7416666666666667 0.39444444444444443 0.017708333333333333 0.027777777777777776
2 0.6729166666666667 0.36527777777777776 0.015625 0.025
2 0.7169270833333333 0.35324074074074074 0.011979166666666667 0.023148148148148147
2 0.7763020833333333 0.4449074074074074 0.018229166666666668 0.030555555555555555
2 0.8622395833333333 0.7467592592592592 0.025520833333333333 0.032407407407407406
2 0.9401041666666666 0.7356481481481482 0.023958333333333335 0.030555555555555555
2 0.5104166666666666 0.18425925925925926 0.004166666666666667 0.009259259259259259
2 0.5489583333333333 0.2212962962962963 0.005208333333333333 0.012962962962962963
2 0.6208333333333333 0.2300925925925926 0.00625 0.013888888888888888
1 0.17838541666666666 0.38935185185185184 0.016145833333333335 0.025
1 0.4203125 0.20972222222222223 0.00625 0.010185185185185186
0 0.4231770833333333 0.18287037037037038 0.021354166666666667 0.06018518518518518
3 0.57421875 0.1597222222222222 0.0109375 0.03981481481481482
3 0.4513020833333333 0.15787037037037038 0.008854166666666666 0.03796296296296296