3 0.4515625 0.15648148148148147 0.007291666666666667 0.03888888888888889
3 0.5734375 0.1597222222222222 0.009375 0.03981481481481482
2 0.5106770833333333 0.18425925925925926 0.0046875 0.009259259259259259
2 0.5484375 0.2222222222222222 0.005208333333333333 0.012962962962962963
2 0.6208333333333333 0.23055555555555557 0.005208333333333333 0.012962962962962963
2 0.20208333333333334 0.7319444444444444 0.026041666666666668 0.03611111111111111
2 0.08723958333333333 0.6953703703703704 0.0234375 0.037037037037037035
2 0.32838541666666665 0.4148148148148148 0.022395833333333334 0.05
2 0.2559895833333333 0.4162037037037037 0.025520833333333333 0.04722222222222222
2 0.70234375 0.4101851851851852 0.019270833333333334 0.03148148148148148
2 0.8622395833333333 0.7453703703703703 0.025520833333333333 0.03518518518518519
2 0.9408854166666667 0.7351851851851852 0.025520833333333333 0.02962962962962963
2 0.7768229166666667 0.44583333333333336 0.019270833333333334 0.030555555555555555
2 0.7432291666666667 0.39444444444444443 0.015625 0.027777777777777776
2 0.67421875 0.36342592592592593 0.013020833333333334 0.025
2 0.7177083333333333 0.3527777777777778 0.010416666666666666 0.022222222222222223
2 0.33541666666666664 0.3055555555555556 0.0125 0.03148148148148148
2 0.38671875 0.3013888888888889 0.013020833333333334 0.032407407407407406
1 0.63984375 0.2375 0.0046875 0.010185185185185186
1 0.17890625 0.38842592592592595 0.015104166666666667 0.023148148148148147
0 0.6536458333333334 0.21203703703703702 0.03958333333333333 0.07407407407407407