2 0.9380208333333333 0.7347222222222223 0.027083333333333334 0.026851851851851852
2 0.8604166666666667 0.7453703703703703 0.028125 0.02962962962962963
2 0.19869791666666667 0.7305555555555555 0.0328125 0.03518518518518519
2 0.0859375 0.6967592592592593 0.021875 0.026851851851851852
2 0.25677083333333334 0.41898148148148145 0.019791666666666666 0.04351851851851852
2 0.33151041666666664 0.4134259259259259 0.021354166666666667 0.04537037037037037
2 0.77578125 0.44583333333333336 0.0203125 0.028703703703703703
2 0.74140625 0.3939814814814815 0.0171875 0.026851851851851852
2 0.7018229166666666 0.4111111111111111 0.0203125 0.02962962962962963
2 0.715625 0.3537037037037037 0.014583333333333334 0.022222222222222223
2 0.38828125 0.30277777777777776 0.013020833333333334 0.02962962962962963
2 0.33645833333333336 0.3074074074074074 0.0125 0.02962962962962963
2 0.6208333333333333 0.2300925925925926 0.00625 0.012037037037037037
2 0.54921875 0.2222222222222222 0.005729166666666666 0.012962962962962963
2 0.51015625 0.18425925925925926 0.0036458333333333334 0.009259259259259259
0 0.6817708333333333 0.31805555555555554 0.04375 0.16018518518518518
1 0.646875 0.3680555555555556 0.015625 0.023148148148148147
1 0.17786458333333333 0.3888888888888889 0.015104166666666667 0.018518518518518517
3 0.5731770833333333 0.16018518518518518 0.009895833333333333 0.03888888888888889
3 0.4510416666666667 0.15648148148148147 0.007291666666666667 0.03888888888888889