1 0.178125 0.3888888888888889 0.015625 0.020370370370370372
1 0.34921875 0.31527777777777777 0.0109375 0.019444444444444445
2 0.08776041666666666 0.6972222222222222 0.0203125 0.027777777777777776
2 0.2015625 0.7324074074074074 0.025 0.02962962962962963
2 0.25755208333333335 0.41805555555555557 0.021354166666666667 0.04537037037037037
2 0.3296875 0.4152777777777778 0.021875 0.04537037037037037
2 0.86171875 0.7458333333333333 0.0265625 0.032407407407407406
2 0.940625 0.7342592592592593 0.022916666666666665 0.02962962962962963
2 0.7768229166666667 0.4439814814814815 0.018229166666666668 0.032407407407407406
2 0.703125 0.4101851851851852 0.014583333333333334 0.02962962962962963
2 0.7434895833333334 0.39166666666666666 0.013020833333333334 0.027777777777777776
2 0.67421875 0.36342592592592593 0.011979166666666667 0.025
2 0.7169270833333333 0.3523148148148148 0.0109375 0.023148148148148147
2 0.3359375 0.30694444444444446 0.013541666666666667 0.028703703703703703
2 0.38645833333333335 0.3023148148148148 0.013541666666666667 0.030555555555555555
2 0.5486979166666667 0.22175925925925927 0.0067708333333333336 0.013888888888888888
2 0.6203125 0.22962962962962963 0.00625 0.012962962962962963
2 0.51015625 0.18472222222222223 0.0046875 0.010185185185185186
3 0.4505208333333333 0.15694444444444444 0.008333333333333333 0.03796296296296296
3 0.5723958333333333 0.16064814814814815 0.009375 0.03981481481481482
3 0.8171875 0.19583333333333333 0.00625 0.023148148148148147
3 0.8359375 0.20092592592592592 0.00625 0.020370370370370372
0 0.346875 0.2449074074074074 0.041666666666666664 0.13055555555555556