2 0.9380208333333333 0.7347222222222223 0.029166666666666667 0.026851851851851852
2 0.86171875 0.7458333333333333 0.024479166666666666 0.030555555555555555
2 0.08541666666666667 0.6958333333333333 0.021875 0.025
2 0.20052083333333334 0.7305555555555555 0.023958333333333335 0.03148148148148148
2 0.7760416666666666 0.44583333333333336 0.021875 0.028703703703703703
2 0.7013020833333333 0.4115740740740741 0.019270833333333334 0.028703703703703703
2 0.740625 0.39305555555555555 0.015625 0.026851851851851852
2 0.7158854166666667 0.3527777777777778 0.015104166666666667 0.020370370370370372
2 0.6734375 0.3648148148148148 0.016666666666666666 0.024074074074074074
2 0.33098958333333334 0.412962962962963 0.022395833333333334 0.044444444444444446
2 0.25677083333333334 0.41898148148148145 0.020833333333333332 0.04351851851851852
2 0.3880208333333333 0.30324074074074076 0.0125 0.030555555555555555
2 0.33671875 0.3074074074074074 0.011979166666666667 0.02962962962962963
2 0.5489583333333333 0.2222222222222222 0.005208333333333333 0.011111111111111112
2 0.6208333333333333 0.2300925925925926 0.00625 0.012037037037037037
2 0.5104166666666666 0.18425925925925926 0.003125 0.009259259259259259
1 0.17786458333333333 0.3888888888888889 0.015104166666666667 0.022222222222222223
1 0.55234375 0.21944444444444444 0.0046875 0.011111111111111112
0 0.5440104166666667 0.19166666666666668 0.030729166666666665 0.05740740740740741
3 0.4513020833333333 0.15648148148148147 0.0067708333333333336 0.03888888888888889
3 0.5734375 0.16064814814814815 0.009375 0.03981481481481482