2 0.20130208333333333 0.7314814814814815 0.0265625 0.03148148148148148
2 0.08697916666666666 0.6962962962962963 0.021875 0.03148148148148148
2 0.25625 0.41805555555555557 0.020833333333333332 0.049074074074074076
2 0.32760416666666664 0.4152777777777778 0.021875 0.04537037037037037
2 0.33567708333333335 0.3060185185185185 0.013020833333333334 0.030555555555555555
2 0.38671875 0.3013888888888889 0.013020833333333334 0.032407407407407406
2 0.8625 0.7458333333333333 0.026041666666666668 0.03425925925925926
2 0.9408854166666667 0.7319444444444444 0.0234375 0.032407407407407406
2 0.7755208333333333 0.4449074074074074 0.019791666666666666 0.030555555555555555
2 0.7033854166666667 0.41064814814814815 0.0140625 0.028703703703703703
2 0.7416666666666667 0.3925925925925926 0.015625 0.02962962962962963
2 0.6736979166666667 0.36342592592592593 0.013020833333333334 0.023148148148148147
2 0.7171875 0.35185185185185186 0.011458333333333333 0.022222222222222223
2 0.54921875 0.2222222222222222 0.005729166666666666 0.012962962962962963
2 0.6213541666666667 0.23055555555555557 0.00625 0.012962962962962963
2 0.51015625 0.18472222222222223 0.0046875 0.010185185185185186
1 0.17760416666666667 0.38842592592592595 0.016666666666666666 0.025
3 0.4510416666666667 0.15648148148148147 0.007291666666666667 0.03888888888888889
3 0.5731770833333333 0.16064814814814815 0.0078125 0.03981481481481482