2 0.9533854166666667 0.7453703703703703 0.018229166666666668 0.022222222222222223
2 0.8502604166666666 0.7893518518518519 0.021354166666666667 0.028703703703703703
2 0.19791666666666666 0.8421296296296297 0.023958333333333335 0.03425925925925926
2 0.039322916666666666 0.8037037037037037 0.021354166666666667 0.025925925925925925
2 0.2747395833333333 0.5115740740740741 0.025520833333333333 0.05462962962962963
2 0.19609375 0.513425925925926 0.027604166666666666 0.05092592592592592
2 0.7921875 0.48009259259259257 0.017708333333333333 0.030555555555555555
2 0.7192708333333333 0.44907407407407407 0.017708333333333333 0.027777777777777776
2 0.7578125 0.42268518518518516 0.013541666666666667 0.026851851851851852
2 0.7278645833333334 0.3819444444444444 0.011979166666666667 0.025
2 0.6869791666666667 0.39537037037037037 0.013541666666666667 0.024074074074074074
2 0.3528645833333333 0.3439814814814815 0.019270833333333334 0.03425925925925926
2 0.2950520833333333 0.3486111111111111 0.0171875 0.03425925925925926
2 0.24270833333333333 0.2162037037037037 0.005208333333333333 0.012037037037037037
2 0.6276041666666666 0.2564814814814815 0.009375 0.012962962962962963
2 0.5434895833333333 0.24861111111111112 0.0078125 0.013888888888888888
2 0.5059895833333333 0.19027777777777777 0.005729166666666666 0.012037037037037037
1 0.5364583333333334 0.18287037037037038 0.003125 0.006481481481481481
0 0.5434895833333333 0.16527777777777777 0.009895833333333333 0.041666666666666664
3 0.5611979166666666 0.1685185185185185 0.005729166666666666 0.037037037037037035
3 0.4401041666666667 0.16296296296296298 0.005208333333333333 0.03888888888888889