2 0.1765625 0.737037037037037 0.03333333333333333 0.03333333333333333
2 0.27838541666666666 0.4981481481481482 0.0296875 0.053703703703703705
2 0.19739583333333333 0.4162037037037037 0.03333333333333333 0.05092592592592592
2 0.29375 0.3837962962962963 0.019791666666666666 0.030555555555555555
2 0.34140625 0.4337962962962963 0.0171875 0.032407407407407406
2 0.24270833333333333 0.21064814814814814 0.007291666666666667 0.010185185185185186
2 0.6705729166666666 0.9777777777777777 0.0109375 0.016666666666666666
2 0.63359375 0.8050925925925926 0.0109375 0.019444444444444445
2 0.6145833333333334 0.7601851851851852 0.009375 0.018518518518518517
2 0.59453125 0.7597222222222222 0.013020833333333334 0.019444444444444445
2 0.59765625 0.7231481481481481 0.008854166666666666 0.016666666666666666
2 0.5752604166666667 0.7134259259259259 0.011979166666666667 0.019444444444444445
2 0.5380208333333333 0.5842592592592593 0.007291666666666667 0.011111111111111112
2 0.4828125 0.5199074074074074 0.00625 0.012037037037037037
2 0.45416666666666666 0.4361111111111111 0.00625 0.012962962962962963
3 0.40911458333333334 0.3537037037037037 0.015104166666666667 0.03333333333333333
3 0.4979166666666667 0.4634259259259259 0.013541666666666667 0.028703703703703703
0 0.7776041666666667 0.9486111111111111 0.08125 0.10092592592592593
1 0.7151041666666667 0.986574074074074 0.01875 0.021296296296296296