2 0.19791666666666666 0.8430555555555556 0.022916666666666665 0.030555555555555555
2 0.039322916666666666 0.8046296296296296 0.021354166666666667 0.025925925925925925
2 0.95390625 0.7449074074074075 0.0171875 0.021296296296296296
2 0.85078125 0.788425925925926 0.019270833333333334 0.026851851851851852
2 0.7921875 0.48009259259259257 0.017708333333333333 0.030555555555555555
2 0.71953125 0.449537037037037 0.0171875 0.028703703703703703
2 0.7575520833333333 0.42268518518518516 0.0140625 0.026851851851851852
2 0.7278645833333334 0.3824074074074074 0.013020833333333334 0.024074074074074074
2 0.6869791666666667 0.39490740740740743 0.014583333333333334 0.023148148148148147
2 0.27578125 0.5101851851851852 0.0265625 0.053703703703703705
2 0.19609375 0.5138888888888888 0.0265625 0.05185185185185185
2 0.35234375 0.3439814814814815 0.019270833333333334 0.032407407407407406
2 0.29609375 0.3490740740740741 0.0171875 0.03148148148148148
2 0.6278645833333333 0.25601851851851853 0.008854166666666666 0.012037037037037037
2 0.5432291666666667 0.24814814814814815 0.007291666666666667 0.014814814814814815
2 0.24244791666666668 0.2152777777777778 0.0067708333333333336 0.012037037037037037
2 0.50546875 0.18981481481481483 0.005729166666666666 0.012962962962962963
1 0.93515625 0.7824074074074074 0.0265625 0.03148148148148148
3 0.56171875 0.16666666666666666 0.0078125 0.03888888888888889
3 0.44088541666666664 0.16342592592592592 0.005729166666666666 0.03796296296296296