3 0.5614583333333333 0.16712962962962963 0.00625 0.03796296296296296
3 0.440625 0.1625 0.005208333333333333 0.03796296296296296
2 0.1984375 0.8421296296296297 0.023958333333333335 0.030555555555555555
2 0.03984375 0.8037037037037037 0.022395833333333334 0.025925925925925925
2 0.2755208333333333 0.5120370370370371 0.025 0.05185185185185185
2 0.19583333333333333 0.513425925925926 0.028125 0.05092592592592592
2 0.9533854166666667 0.7449074074074075 0.015104166666666667 0.021296296296296296
2 0.85078125 0.788425925925926 0.019270833333333334 0.026851851851851852
2 0.7924479166666667 0.48055555555555557 0.0171875 0.02962962962962963
2 0.7578125 0.4222222222222222 0.014583333333333334 0.025925925925925925
2 0.71953125 0.44907407407407407 0.018229166666666668 0.027777777777777776
2 0.7278645833333334 0.3819444444444444 0.011979166666666667 0.021296296296296296
2 0.6872395833333333 0.39537037037037037 0.0140625 0.024074074074074074
2 0.35260416666666666 0.3449074074074074 0.019791666666666666 0.03425925925925926
2 0.2955729166666667 0.3490740740740741 0.0171875 0.03333333333333333
2 0.6278645833333333 0.25555555555555554 0.008854166666666666 0.012962962962962963
2 0.5434895833333333 0.24861111111111112 0.0078125 0.013888888888888888
2 0.24270833333333333 0.2162037037037037 0.00625 0.012037037037037037
2 0.50546875 0.18981481481481483 0.005729166666666666 0.012962962962962963
1 0.92265625 0.7689814814814815 0.0296875 0.03611111111111111