2 0.19895833333333332 0.8444444444444444 0.025 0.03888888888888889
2 0.039322916666666666 0.8060185185185185 0.0203125 0.032407407407407406
2 0.8515625 0.7898148148148149 0.022916666666666665 0.02962962962962963
2 0.9536458333333333 0.7458333333333333 0.019791666666666666 0.025
2 0.27708333333333335 0.5069444444444444 0.027083333333333334 0.058333333333333334
2 0.19713541666666667 0.5115740740740741 0.028645833333333332 0.05648148148148148
2 0.7927083333333333 0.47962962962962963 0.017708333333333333 0.02962962962962963
2 0.7213541666666666 0.4476851851851852 0.01875 0.03425925925925926
2 0.68984375 0.39537037037037037 0.0140625 0.03148148148148148
2 0.7578125 0.42083333333333334 0.013541666666666667 0.023148148148148147
2 0.353125 0.3425925925925926 0.014583333333333334 0.03518518518518519
2 0.29713541666666665 0.3476851851851852 0.016145833333333335 0.030555555555555555
2 0.5434895833333333 0.24861111111111112 0.0078125 0.013888888888888888
2 0.628125 0.25601851851851853 0.008333333333333333 0.012037037037037037
2 0.5057291666666667 0.18935185185185185 0.00625 0.013888888888888888
2 0.24348958333333334 0.21666666666666667 0.0078125 0.014814814814814815
2 0.7270833333333333 0.3819444444444444 0.010416666666666666 0.025
3 0.43854166666666666 0.1625 0.009375 0.03981481481481482
3 0.5614583333333333 0.16898148148148148 0.007291666666666667 0.03611111111111111