2 0.19791666666666666 0.8430555555555556 0.025 0.030555555555555555
2 0.0390625 0.8037037037037037 0.020833333333333332 0.025925925925925925
2 0.275 0.5111111111111111 0.025 0.05185185185185185
2 0.19583333333333333 0.5138888888888888 0.027083333333333334 0.05185185185185185
2 0.35390625 0.3435185185185185 0.0171875 0.03333333333333333
2 0.2955729166666667 0.34814814814814815 0.0171875 0.03333333333333333
2 0.85 0.7875 0.01875 0.026851851851851852
2 0.9533854166666667 0.7458333333333333 0.016145833333333335 0.019444444444444445
2 0.7924479166666667 0.48009259259259257 0.016145833333333335 0.030555555555555555
2 0.7578125 0.42268518518518516 0.013541666666666667 0.028703703703703703
2 0.7216145833333333 0.44907407407407407 0.013020833333333334 0.02962962962962963
2 0.6869791666666667 0.39490740740740743 0.014583333333333334 0.023148148148148147
2 0.7278645833333334 0.38333333333333336 0.011979166666666667 0.025925925925925925
2 0.6278645833333333 0.2569444444444444 0.008854166666666666 0.013888888888888888
2 0.5434895833333333 0.24814814814814815 0.0078125 0.014814814814814815
2 0.5057291666666667 0.19074074074074074 0.00625 0.012962962962962963
2 0.24244791666666668 0.2162037037037037 0.0067708333333333336 0.012037037037037037
1 0.9302083333333333 0.7583333333333333 0.028125 0.03333333333333333
3 0.5611979166666666 0.1685185185185185 0.0067708333333333336 0.03518518518518519
3 0.440625 0.1625 0.005208333333333333 0.03796296296296296