2 0.19765625 0.8425925925925926 0.0234375 0.03148148148148148
2 0.0390625 0.8037037037037037 0.020833333333333332 0.027777777777777776
2 0.2747395833333333 0.5115740740740741 0.025520833333333333 0.05277777777777778
2 0.19635416666666666 0.513425925925926 0.027083333333333334 0.05092592592592592
2 0.8513020833333333 0.787962962962963 0.0203125 0.025925925925925925
2 0.95390625 0.7453703703703703 0.018229166666666668 0.020370370370370372
2 0.7927083333333333 0.48009259259259257 0.017708333333333333 0.028703703703703703
2 0.7192708333333333 0.449537037037037 0.017708333333333333 0.028703703703703703
2 0.7580729166666667 0.42268518518518516 0.0140625 0.026851851851851852
2 0.68671875 0.39490740740740743 0.0140625 0.025
2 0.35260416666666666 0.3439814814814815 0.01875 0.03425925925925926
2 0.2955729166666667 0.3486111111111111 0.0171875 0.032407407407407406
2 0.5434895833333333 0.24814814814814815 0.0078125 0.012962962962962963
2 0.6278645833333333 0.25601851851851853 0.008854166666666666 0.012037037037037037
2 0.2421875 0.21574074074074073 0.00625 0.012962962962962963
2 0.50546875 0.19027777777777777 0.005729166666666666 0.012037037037037037
1 0.92265625 0.7675925925925926 0.0296875 0.03333333333333333
0 0.7239583333333334 0.34953703703703703 0.058333333333333334 0.1361111111111111
3 0.56171875 0.16712962962962963 0.0067708333333333336 0.03796296296296296
3 0.44036458333333334 0.16296296296296298 0.0046875 0.03888888888888889