2 0.1984375 0.8435185185185186 0.027083333333333334 0.037037037037037035
2 0.04479166666666667 0.8078703703703703 0.025 0.03425925925925926
2 0.2747395833333333 0.5106481481481482 0.025520833333333333 0.05277777777777778
2 0.19348958333333333 0.5148148148148148 0.0265625 0.05185185185185185
2 0.8526041666666667 0.7902777777777777 0.01875 0.030555555555555555
2 0.9559895833333333 0.7453703703703703 0.021354166666666667 0.03148148148148148
2 0.35234375 0.34444444444444444 0.015104166666666667 0.03888888888888889
2 0.296875 0.3476851851851852 0.014583333333333334 0.03796296296296296
2 0.7921875 0.4787037037037037 0.016666666666666666 0.03148148148148148
2 0.7216145833333333 0.44907407407407407 0.0171875 0.03333333333333333
2 0.6895833333333333 0.3939814814814815 0.013541666666666667 0.028703703703703703
2 0.7565104166666666 0.4217592592592593 0.015104166666666667 0.026851851851851852
2 0.7239583333333334 0.37777777777777777 0.011458333333333333 0.027777777777777776
2 0.5440104166666667 0.25046296296296294 0.009895833333333333 0.017592592592592594
2 0.6294270833333333 0.2574074074074074 0.009895833333333333 0.016666666666666666
2 0.5057291666666667 0.19166666666666668 0.009375 0.016666666666666666
2 0.24322916666666666 0.21666666666666667 0.008333333333333333 0.014814814814814815
3 0.43984375 0.16157407407407406 0.0109375 0.041666666666666664
3 0.5619791666666667 0.1675925925925926 0.009375 0.040740740740740744
1 0.9229166666666667 0.7712962962962963 0.028125 0.03888888888888889