2 0.9533854166666667 0.7453703703703703 0.016145833333333335 0.020370370370370372
2 0.85078125 0.7893518518518519 0.0203125 0.026851851851851852
2 0.2747395833333333 0.512962962962963 0.024479166666666666 0.053703703703703705
2 0.19583333333333333 0.5148148148148148 0.028125 0.053703703703703705
2 0.35260416666666666 0.3439814814814815 0.01875 0.03425925925925926
2 0.2947916666666667 0.3486111111111111 0.016666666666666666 0.032407407407407406
2 0.24244791666666668 0.21574074074074073 0.005729166666666666 0.012962962962962963
2 0.79296875 0.48055555555555557 0.0171875 0.02962962962962963
2 0.7184895833333333 0.449537037037037 0.016145833333333335 0.028703703703703703
2 0.6869791666666667 0.39490740740740743 0.014583333333333334 0.025
2 0.728125 0.38287037037037036 0.011458333333333333 0.023148148148148147
2 0.6278645833333333 0.2564814814814815 0.008854166666666666 0.012962962962962963
2 0.5432291666666667 0.24814814814814815 0.007291666666666667 0.012962962962962963
2 0.5057291666666667 0.19027777777777777 0.00625 0.012037037037037037
2 0.19791666666666666 0.8416666666666667 0.023958333333333335 0.03333333333333333
2 0.03958333333333333 0.8041666666666667 0.021875 0.025
0 0.7622395833333333 0.39537037037037037 0.049479166666666664 0.16296296296296298
1 0.7333333333333333 0.4587962962962963 0.016666666666666666 0.028703703703703703
3 0.440625 0.1648148148148148 0.005208333333333333 0.03518518518518519
3 0.5611979166666666 0.16805555555555557 0.0067708333333333336 0.03611111111111111