3 0.5627604166666667 0.16712962962962963 0.008854166666666666 0.03796296296296296
3 0.440625 0.16342592592592592 0.005208333333333333 0.03796296296296296
2 0.9536458333333333 0.7449074074074075 0.016666666666666666 0.021296296296296296
2 0.8505208333333333 0.7888888888888889 0.019791666666666666 0.027777777777777776
2 0.19817708333333334 0.8430555555555556 0.024479166666666666 0.032407407407407406
2 0.039322916666666666 0.8037037037037037 0.021354166666666667 0.025925925925925925
2 0.2760416666666667 0.5106481481481482 0.027083333333333334 0.05462962962962963
2 0.19583333333333333 0.513425925925926 0.027083333333333334 0.05092592592592592
2 0.7924479166666667 0.47962962962962963 0.0171875 0.02962962962962963
2 0.71953125 0.44907407407407407 0.0171875 0.02962962962962963
2 0.7580729166666667 0.4222222222222222 0.0140625 0.025925925925925925
2 0.728125 0.3824074074074074 0.0125 0.024074074074074074
2 0.68671875 0.39537037037037037 0.0140625 0.024074074074074074
2 0.353125 0.3439814814814815 0.01875 0.032407407407407406
2 0.2953125 0.3486111111111111 0.017708333333333333 0.032407407407407406
2 0.6276041666666666 0.25601851851851853 0.009375 0.012037037037037037
2 0.5434895833333333 0.24814814814814815 0.0078125 0.012962962962962963
2 0.24192708333333332 0.2162037037037037 0.005729166666666666 0.012037037037037037
2 0.5057291666666667 0.18981481481481483 0.00625 0.012962962962962963