2 0.19479166666666667 0.5115740740740741 0.025 0.05092592592592592
2 0.27682291666666664 0.5097222222222222 0.0234375 0.05277777777777778
2 0.29609375 0.35 0.013020833333333334 0.03518518518518519
2 0.35130208333333335 0.34120370370370373 0.015104166666666667 0.03611111111111111
2 0.72265625 0.4486111111111111 0.015104166666666667 0.032407407407407406
2 0.6895833333333333 0.3939814814814815 0.013541666666666667 0.030555555555555555
2 0.72734375 0.38055555555555554 0.011979166666666667 0.027777777777777776
2 0.19973958333333333 0.8421296296296297 0.025520833333333333 0.03796296296296296
2 0.038802083333333334 0.8023148148148148 0.0234375 0.03611111111111111
2 0.759375 0.4222222222222222 0.014583333333333334 0.027777777777777776
2 0.8515625 0.7916666666666666 0.021875 0.03333333333333333
2 0.7940104166666667 0.48148148148148145 0.0171875 0.027777777777777776
2 0.6302083333333334 0.25462962962962965 0.008333333333333333 0.018518518518518517
2 0.5057291666666667 0.19027777777777777 0.00625 0.01574074074074074
2 0.24296875 0.21666666666666667 0.009895833333333333 0.014814814814814815
2 0.5440104166666667 0.2490740740740741 0.009895833333333333 0.014814814814814815
2 0.95390625 0.7486111111111111 0.016145833333333335 0.030555555555555555
0 0.5518229166666667 0.21481481481481482 0.025520833333333333 0.07777777777777778
1 0.5661458333333333 0.24259259259259258 0.009375 0.012962962962962963
3 0.44036458333333334 0.16203703703703703 0.0067708333333333336 0.040740740740740744
3 0.56328125 0.16666666666666666 0.009895833333333333 0.044444444444444446