2 0.27682291666666664 0.5064814814814815 0.0234375 0.05
2 0.19765625 0.5120370370370371 0.025520833333333333 0.05
2 0.19895833333333332 0.8425925925925926 0.025 0.03888888888888889
2 0.03958333333333333 0.8023148148148148 0.01875 0.03425925925925926
2 0.29713541666666665 0.3476851851851852 0.0140625 0.032407407407407406
2 0.3528645833333333 0.3453703703703704 0.011979166666666667 0.03333333333333333
2 0.7236979166666667 0.45092592592592595 0.0140625 0.037037037037037035
2 0.6893229166666667 0.39537037037037037 0.015104166666666667 0.025925925925925925
2 0.7283854166666667 0.38055555555555554 0.0140625 0.027777777777777776
2 0.7591145833333334 0.41898148148148145 0.011979166666666667 0.026851851851851852
2 0.24244791666666668 0.21481481481481482 0.0067708333333333336 0.014814814814814815
2 0.5442708333333334 0.24675925925925926 0.007291666666666667 0.01574074074074074
2 0.5065104166666666 0.19074074074074074 0.008854166666666666 0.014814814814814815
2 0.6299479166666667 0.25555555555555554 0.009895833333333333 0.020370370370370372
2 0.79296875 0.47824074074074074 0.019270833333333334 0.032407407407407406
2 0.8536458333333333 0.7916666666666666 0.021875 0.027777777777777776
2 0.9546875 0.7458333333333333 0.017708333333333333 0.028703703703703703
1 0.9377604166666667 0.774074074074074 0.03177083333333333 0.03148148148148148
3 0.44114583333333335 0.16203703703703703 0.008333333333333333 0.040740740740740744
3 0.5622395833333333 0.1648148148148148 0.0078125 0.046296296296296294