2 0.19791666666666666 0.8425925925925926 0.023958333333333335 0.03148148148148148
2 0.03958333333333333 0.8046296296296296 0.021875 0.025925925925925925
2 0.9533854166666667 0.7449074074074075 0.018229166666666668 0.023148148148148147
2 0.8510416666666667 0.788425925925926 0.020833333333333332 0.026851851851851852
2 0.79296875 0.48009259259259257 0.0171875 0.030555555555555555
2 0.71953125 0.44907407407407407 0.018229166666666668 0.027777777777777776
2 0.7578125 0.42268518518518516 0.013541666666666667 0.026851851851851852
2 0.6869791666666667 0.39490740740740743 0.014583333333333334 0.023148148148148147
2 0.728125 0.3819444444444444 0.013541666666666667 0.023148148148148147
2 0.275 0.5115740740740741 0.025 0.05277777777777778
2 0.19635416666666666 0.5138888888888888 0.027083333333333334 0.05
2 0.3528645833333333 0.34444444444444444 0.019270833333333334 0.03333333333333333
2 0.29583333333333334 0.3490740740740741 0.017708333333333333 0.03333333333333333
2 0.5434895833333333 0.24814814814814815 0.0078125 0.014814814814814815
2 0.6278645833333333 0.2564814814814815 0.008854166666666666 0.012962962962962963
2 0.50546875 0.18935185185185185 0.0067708333333333336 0.013888888888888888
2 0.24244791666666668 0.2162037037037037 0.0067708333333333336 0.012037037037037037
0 0.7611979166666667 0.35324074074074074 0.0390625 0.12314814814814815
1 0.73984375 0.4083333333333333 0.015104166666666667 0.022222222222222223
3 0.44036458333333334 0.1625 0.005729166666666666 0.03981481481481482
3 0.56171875 0.1685185185185185 0.0067708333333333336 0.03518518518518519