2 0.19791666666666666 0.8421296296296297 0.025 0.03425925925925926
2 0.039322916666666666 0.8041666666666667 0.021354166666666667 0.026851851851851852
2 0.9536458333333333 0.7453703703703703 0.017708333333333333 0.022222222222222223
2 0.85078125 0.7888888888888889 0.0203125 0.02962962962962963
2 0.2760416666666667 0.5101851851851852 0.027083333333333334 0.05555555555555555
2 0.19635416666666666 0.513425925925926 0.027083333333333334 0.05092592592592592
2 0.7924479166666667 0.48009259259259257 0.018229166666666668 0.030555555555555555
2 0.71953125 0.449537037037037 0.018229166666666668 0.028703703703703703
2 0.7580729166666667 0.42314814814814816 0.0140625 0.025925925925925925
2 0.728125 0.3819444444444444 0.0125 0.025
2 0.68671875 0.39537037037037037 0.015104166666666667 0.024074074074074074
2 0.35260416666666666 0.34444444444444444 0.01875 0.03333333333333333
2 0.29583333333333334 0.3490740740740741 0.017708333333333333 0.03333333333333333
2 0.6278645833333333 0.25555555555555554 0.008854166666666666 0.012962962962962963
2 0.5434895833333333 0.24814814814814815 0.0078125 0.014814814814814815
2 0.5057291666666667 0.19027777777777777 0.00625 0.013888888888888888
2 0.24270833333333333 0.21666666666666667 0.00625 0.012962962962962963
3 0.5622395833333333 0.1675925925925926 0.008854166666666666 0.037037037037037035
3 0.440625 0.16203703703703703 0.005208333333333333 0.040740740740740744