2 0.27630208333333334 0.5083333333333333 0.024479166666666666 0.05555555555555555
2 0.19557291666666668 0.5106481481481482 0.028645833333333332 0.05277777777777778
2 0.19817708333333334 0.8453703703703703 0.027604166666666666 0.037037037037037035
2 0.0390625 0.8032407407407407 0.022916666666666665 0.032407407407407406
2 0.8513020833333333 0.788425925925926 0.0203125 0.032407407407407406
2 0.9552083333333333 0.7467592592592592 0.020833333333333332 0.026851851851851852
2 0.7921875 0.47824074074074074 0.015625 0.032407407407407406
2 0.7223958333333333 0.4486111111111111 0.016666666666666666 0.032407407407407406
2 0.7583333333333333 0.4222222222222222 0.014583333333333334 0.027777777777777776
2 0.68984375 0.3958333333333333 0.0140625 0.026851851851851852
2 0.7276041666666667 0.38055555555555554 0.0125 0.025925925925925925
2 0.35260416666666666 0.34305555555555556 0.013541666666666667 0.03611111111111111
2 0.29713541666666665 0.34629629629629627 0.016145833333333335 0.037037037037037035
2 0.5453125 0.24814814814814815 0.008333333333333333 0.018518518518518517
2 0.6294270833333333 0.25555555555555554 0.009895833333333333 0.016666666666666666
2 0.24322916666666666 0.21805555555555556 0.008333333333333333 0.017592592592592594
0 0.5028645833333333 0.18518518518518517 0.0203125 0.053703703703703705
3 0.4395833333333333 0.16435185185185186 0.0125 0.041666666666666664
3 0.5619791666666667 0.16805555555555557 0.011458333333333333 0.041666666666666664