2 0.9533854166666667 0.7449074074074075 0.016145833333333335 0.023148148148148147
2 0.8502604166666666 0.7888888888888889 0.0203125 0.027777777777777776
2 0.19739583333333333 0.8425925925925926 0.023958333333333335 0.037037037037037035
2 0.0390625 0.8041666666666667 0.020833333333333332 0.028703703703703703
2 0.7924479166666667 0.48055555555555557 0.018229166666666668 0.02962962962962963
2 0.7580729166666667 0.42314814814814816 0.0140625 0.025925925925925925
2 0.7197916666666667 0.449537037037037 0.01875 0.028703703703703703
2 0.6869791666666667 0.39490740740740743 0.014583333333333334 0.023148148148148147
2 0.7276041666666667 0.3819444444444444 0.013541666666666667 0.025
2 0.2752604166666667 0.5115740740740741 0.025520833333333333 0.049074074074074076
2 0.19635416666666666 0.5138888888888888 0.027083333333333334 0.05
2 0.3528645833333333 0.3439814814814815 0.019270833333333334 0.032407407407407406
2 0.2953125 0.3490740740740741 0.017708333333333333 0.03333333333333333
2 0.6278645833333333 0.2564814814814815 0.0078125 0.011111111111111112
2 0.5434895833333333 0.24768518518518517 0.0078125 0.013888888888888888
2 0.5052083333333334 0.18981481481481483 0.00625 0.012962962962962963
2 0.24244791666666668 0.2152777777777778 0.005729166666666666 0.013888888888888888
1 0.6236979166666666 0.23055555555555557 0.0046875 0.009259259259259259
0 0.62578125 0.2074074074074074 0.022395833333333334 0.06666666666666667
3 0.44036458333333334 0.16296296296296298 0.0046875 0.03888888888888889
3 0.5611979166666666 0.1675925925925926 0.005729166666666666 0.03518518518518519