2 0.19765625 0.8421296296296297 0.024479166666666666 0.03425925925925926
2 0.039322916666666666 0.8041666666666667 0.021354166666666667 0.026851851851851852
2 0.953125 0.7458333333333333 0.016666666666666666 0.023148148148148147
2 0.85078125 0.7893518518518519 0.0203125 0.028703703703703703
2 0.7924479166666667 0.48009259259259257 0.0171875 0.028703703703703703
2 0.71953125 0.45 0.018229166666666668 0.027777777777777776
2 0.7580729166666667 0.42268518518518516 0.0140625 0.026851851851851852
2 0.7294270833333333 0.38981481481481484 0.0140625 0.020370370370370372
2 0.6869791666666667 0.39537037037037037 0.014583333333333334 0.024074074074074074
2 0.275 0.5111111111111111 0.026041666666666668 0.053703703703703705
2 0.19635416666666666 0.512962962962963 0.028125 0.05
2 0.3528645833333333 0.3439814814814815 0.019270833333333334 0.032407407407407406
2 0.2955729166666667 0.3490740740740741 0.0171875 0.03333333333333333
2 0.628125 0.2564814814814815 0.009375 0.012962962962962963
2 0.54375 0.24861111111111112 0.008333333333333333 0.013888888888888888
2 0.24244791666666668 0.2162037037037037 0.005729166666666666 0.012037037037037037
2 0.50546875 0.18981481481481483 0.005729166666666666 0.012962962962962963
3 0.44036458333333334 0.16342592592592592 0.0046875 0.03796296296296296
3 0.5614583333333333 0.1685185185185185 0.00625 0.03518518518518519
0 0.5979166666666667 0.17962962962962964 0.009375 0.04814814814814815
1 0.5880208333333333 0.19444444444444445 0.004166666666666667 0.007407407407407408