3 0.4401041666666667 0.16296296296296298 0.005208333333333333 0.03888888888888889
3 0.5611979166666666 0.16944444444444445 0.0067708333333333336 0.03518518518518519
2 0.19791666666666666 0.8430555555555556 0.023958333333333335 0.032407407407407406
2 0.039322916666666666 0.8041666666666667 0.021354166666666667 0.026851851851851852
2 0.2747395833333333 0.5115740740740741 0.025520833333333333 0.05277777777777778
2 0.19635416666666666 0.5138888888888888 0.027083333333333334 0.05185185185185185
2 0.3536458333333333 0.3435185185185185 0.016666666666666666 0.03518518518518519
2 0.2953125 0.3486111111111111 0.016666666666666666 0.032407407407407406
2 0.85078125 0.788425925925926 0.018229166666666668 0.025
2 0.953125 0.7449074074074075 0.016666666666666666 0.021296296296296296
2 0.7927083333333333 0.48055555555555557 0.016666666666666666 0.02962962962962963
2 0.7572916666666667 0.42268518518518516 0.0125 0.026851851851851852
2 0.7205729166666667 0.45 0.016145833333333335 0.02962962962962963
2 0.7278645833333334 0.3824074074074074 0.011979166666666667 0.024074074074074074
2 0.6278645833333333 0.2564814814814815 0.008854166666666666 0.012962962962962963
2 0.5434895833333333 0.24861111111111112 0.0078125 0.013888888888888888
2 0.5057291666666667 0.19027777777777777 0.00625 0.012037037037037037
2 0.2421875 0.2162037037037037 0.00625 0.012037037037037037
1 0.9307291666666667 0.7583333333333333 0.028125 0.03333333333333333