1 0.9145833333333333 0.7523148148148148 0.03125 0.041666666666666664
2 0.19869791666666667 0.8439814814814814 0.0234375 0.03611111111111111
2 0.04088541666666667 0.8069444444444445 0.019270833333333334 0.032407407407407406
2 0.19583333333333333 0.5120370370370371 0.028125 0.05
2 0.27708333333333335 0.5083333333333333 0.030208333333333334 0.05555555555555555
2 0.29713541666666665 0.34953703703703703 0.016145833333333335 0.03425925925925926
2 0.35390625 0.3435185185185185 0.016145833333333335 0.040740740740740744
2 0.8518229166666667 0.7888888888888889 0.0234375 0.03888888888888889
2 0.9559895833333333 0.7453703703703703 0.021354166666666667 0.037037037037037035
2 0.79296875 0.4773148148148148 0.0171875 0.03611111111111111
2 0.7216145833333333 0.44907407407407407 0.018229166666666668 0.03333333333333333
2 0.6908854166666667 0.39537037037037037 0.0171875 0.03333333333333333
2 0.72890625 0.3814814814814815 0.013020833333333334 0.02962962962962963
2 0.7575520833333333 0.42083333333333334 0.0140625 0.030555555555555555
2 0.63046875 0.2574074074074074 0.011979166666666667 0.018518518518518517
2 0.5450520833333333 0.24861111111111112 0.011979166666666667 0.017592592592592594
2 0.2421875 0.21574074074074073 0.00625 0.016666666666666666
2 0.5052083333333334 0.18981481481481483 0.008333333333333333 0.020370370370370372
3 0.43984375 0.1625 0.008854166666666666 0.041666666666666664
3 0.5622395833333333 0.1675925925925926 0.0078125 0.046296296296296294