0 0.7703125 0.36574074074074076 0.05520833333333333 0.15925925925925927
1 0.7669270833333334 0.42268518518518516 0.016145833333333335 0.026851851851851852
2 0.04010416666666667 0.8060185185185185 0.026041666666666668 0.03796296296296296
2 0.19791666666666666 0.8425925925925926 0.027083333333333334 0.03888888888888889
2 0.196875 0.513425925925926 0.025 0.05277777777777778
2 0.27734375 0.5078703703703704 0.021354166666666667 0.05277777777777778
2 0.35208333333333336 0.3435185185185185 0.013541666666666667 0.037037037037037035
2 0.29635416666666664 0.3490740740740741 0.0125 0.037037037037037035
2 0.7221354166666667 0.44814814814814813 0.015104166666666667 0.02962962962962963
2 0.68828125 0.3925925925925926 0.013020833333333334 0.025925925925925925
2 0.728125 0.38055555555555554 0.011458333333333333 0.025925925925925925
2 0.54453125 0.24953703703703703 0.009895833333333333 0.01574074074074074
2 0.5065104166666666 0.19166666666666668 0.0078125 0.016666666666666666
2 0.6286458333333333 0.2550925925925926 0.008333333333333333 0.01574074074074074
2 0.24348958333333334 0.21712962962962962 0.008854166666666666 0.01574074074074074
2 0.7921875 0.4773148148148148 0.015625 0.03425925925925926
2 0.8526041666666667 0.787962962962963 0.021875 0.03888888888888889
2 0.9552083333333333 0.7458333333333333 0.019791666666666666 0.028703703703703703
3 0.440625 0.16342592592592592 0.007291666666666667 0.03981481481481482
3 0.5619791666666667 0.16620370370370371 0.007291666666666667 0.04351851851851852