2 0.9533854166666667 0.7458333333333333 0.016145833333333335 0.023148148148148147
2 0.8510416666666667 0.788425925925926 0.019791666666666666 0.026851851851851852
2 0.19765625 0.8435185185185186 0.0234375 0.02962962962962963
2 0.039322916666666666 0.8037037037037037 0.021354166666666667 0.025925925925925925
2 0.27447916666666666 0.5115740740740741 0.025 0.05277777777777778
2 0.19583333333333333 0.5143518518518518 0.027083333333333334 0.05277777777777778
2 0.7924479166666667 0.48055555555555557 0.0171875 0.02962962962962963
2 0.7578125 0.42268518518518516 0.014583333333333334 0.026851851851851852
2 0.7192708333333333 0.449537037037037 0.016666666666666666 0.028703703703703703
2 0.29453125 0.3490740740740741 0.0171875 0.03333333333333333
2 0.3528645833333333 0.3439814814814815 0.019270833333333334 0.03425925925925926
2 0.5434895833333333 0.24814814814814815 0.0078125 0.012962962962962963
2 0.6278645833333333 0.2564814814814815 0.008854166666666666 0.012962962962962963
2 0.24244791666666668 0.2162037037037037 0.005729166666666666 0.013888888888888888
2 0.5057291666666667 0.18981481481481483 0.00625 0.012962962962962963
3 0.440625 0.16342592592592592 0.005208333333333333 0.03611111111111111
3 0.5614583333333333 0.1685185185185185 0.007291666666666667 0.03518518518518519
0 0.70703125 0.3773148148148148 0.07760416666666667 0.14537037037037037
1 0.6895833333333333 0.41898148148148145 0.0125 0.023148148148148147