2 0.9536458333333333 0.7449074074074075 0.015625 0.021296296296296296
2 0.8515625 0.7888888888888889 0.01875 0.02962962962962963
2 0.19765625 0.8430555555555556 0.0234375 0.03425925925925926
2 0.039322916666666666 0.8032407407407407 0.021354166666666667 0.025
2 0.2755208333333333 0.5115740740740741 0.025 0.05277777777777778
2 0.19635416666666666 0.5138888888888888 0.027083333333333334 0.05185185185185185
2 0.7919270833333333 0.4810185185185185 0.0171875 0.026851851851851852
2 0.7580729166666667 0.42268518518518516 0.0140625 0.026851851851851852
2 0.7197916666666667 0.44907407407407407 0.017708333333333333 0.027777777777777776
2 0.353125 0.3435185185185185 0.01875 0.03333333333333333
2 0.2950520833333333 0.3490740740740741 0.0171875 0.03333333333333333
2 0.7283854166666667 0.38287037037037036 0.011979166666666667 0.023148148148148147
2 0.6869791666666667 0.39490740740740743 0.014583333333333334 0.023148148148148147
2 0.5434895833333333 0.24768518518518517 0.0078125 0.013888888888888888
2 0.6278645833333333 0.2564814814814815 0.008854166666666666 0.012962962962962963
2 0.5057291666666667 0.19027777777777777 0.00625 0.013888888888888888
2 0.24270833333333333 0.2162037037037037 0.00625 0.013888888888888888
1 0.7916666666666666 0.4671296296296296 0.017708333333333333 0.023148148148148147
0 0.8239583333333333 0.42268518518518516 0.052083333333333336 0.14907407407407408
3 0.44036458333333334 0.16203703703703703 0.005729166666666666 0.040740740740740744
3 0.5614583333333333 0.16712962962962963 0.007291666666666667 0.03796296296296296