0 0.7192708333333333 0.37916666666666665 0.07708333333333334 0.13796296296296295
2 0.2765625 0.5101851851851852 0.025 0.053703703703703705
2 0.196875 0.5120370370370371 0.027083333333333334 0.05
2 0.29791666666666666 0.3453703703703704 0.017708333333333333 0.03888888888888889
2 0.3515625 0.34444444444444444 0.014583333333333334 0.03888888888888889
2 0.2 0.8444444444444444 0.026041666666666668 0.03888888888888889
2 0.04010416666666667 0.8055555555555556 0.021875 0.03518518518518519
2 0.8526041666666667 0.7888888888888889 0.021875 0.03888888888888889
2 0.9549479166666667 0.7481481481481481 0.018229166666666668 0.02962962962962963
2 0.79296875 0.4791666666666667 0.0171875 0.032407407407407406
2 0.7213541666666666 0.44907407407407407 0.016666666666666666 0.03148148148148148
2 0.7588541666666667 0.4217592592592593 0.014583333333333334 0.032407407407407406
2 0.6885416666666667 0.39351851851851855 0.01875 0.02962962962962963
2 0.54453125 0.24861111111111112 0.009895833333333333 0.017592592592592594
2 0.6296875 0.2569444444444444 0.008333333333333333 0.017592592592592594
2 0.50703125 0.18981481481481483 0.011979166666666667 0.020370370370370372
2 0.24244791666666668 0.21851851851851853 0.009895833333333333 0.018518518518518517
3 0.44036458333333334 0.16296296296296298 0.009895833333333333 0.044444444444444446
3 0.5622395833333333 0.16527777777777777 0.0078125 0.04722222222222222
1 0.7109375 0.4212962962962963 0.014583333333333334 0.02962962962962963