2 0.19947916666666668 0.8453703703703703 0.027083333333333334 0.03333333333333333
2 0.0453125 0.8064814814814815 0.021875 0.03148148148148148
2 0.8510416666666667 0.7898148148148149 0.021875 0.02962962962962963
2 0.9549479166666667 0.7453703703703703 0.0203125 0.02962962962962963
2 0.7921875 0.4787037037037037 0.014583333333333334 0.03148148148148148
2 0.2638020833333333 0.5291666666666667 0.030729166666666665 0.05092592592592592
2 0.353125 0.3435185185185185 0.015625 0.037037037037037035
2 0.29791666666666666 0.34953703703703703 0.015625 0.03425925925925926
2 0.7223958333333333 0.44675925925925924 0.016666666666666666 0.032407407407407406
2 0.6901041666666666 0.39537037037037037 0.014583333333333334 0.027777777777777776
2 0.7591145833333334 0.4222222222222222 0.016145833333333335 0.025925925925925925
2 0.7276041666666667 0.38101851851851853 0.0125 0.026851851851851852
2 0.5440104166666667 0.24953703703703703 0.0067708333333333336 0.01574074074074074
2 0.6296875 0.2564814814814815 0.009375 0.018518518518518517
2 0.5065104166666666 0.1912037037037037 0.0078125 0.017592592592592594
2 0.24244791666666668 0.21712962962962962 0.0067708333333333336 0.013888888888888888
3 0.43984375 0.16342592592592592 0.0109375 0.04351851851851852
3 0.5622395833333333 0.16898148148148148 0.008854166666666666 0.04351851851851852
1 0.9315104166666667 0.7638888888888888 0.028645833333333332 0.02962962962962963