3 0.5609375 0.16898148148148148 0.00625 0.03611111111111111
3 0.440625 0.16296296296296298 0.005208333333333333 0.040740740740740744
2 0.9528645833333333 0.7453703703703703 0.0171875 0.020370370370370372
2 0.85078125 0.7888888888888889 0.019270833333333334 0.025925925925925925
2 0.19817708333333334 0.8430555555555556 0.0234375 0.030555555555555555
2 0.04479166666666667 0.8078703703703703 0.020833333333333332 0.025
2 0.2755208333333333 0.5111111111111111 0.023958333333333335 0.05185185185185185
2 0.19270833333333334 0.5157407407407407 0.023958333333333335 0.04814814814814815
2 0.7924479166666667 0.48009259259259257 0.018229166666666668 0.030555555555555555
2 0.7578125 0.42268518518518516 0.014583333333333334 0.026851851851851852
2 0.71953125 0.44814814814814813 0.018229166666666668 0.02962962962962963
2 0.72578125 0.38055555555555554 0.015104166666666667 0.027777777777777776
2 0.68671875 0.39351851851851855 0.015104166666666667 0.025925925925925925
2 0.3528645833333333 0.34444444444444444 0.019270833333333334 0.03333333333333333
2 0.2955729166666667 0.3486111111111111 0.0171875 0.032407407407407406
2 0.6278645833333333 0.25601851851851853 0.008854166666666666 0.012037037037037037
2 0.5434895833333333 0.24814814814814815 0.0078125 0.014814814814814815
2 0.24270833333333333 0.21574074074074073 0.00625 0.012962962962962963
2 0.50546875 0.18981481481481483 0.005729166666666666 0.012962962962962963
0 0.5408854166666667 0.16666666666666666 0.0067708333333333336 0.03333333333333333