3 0.5614583333333333 0.1685185185185185 0.007291666666666667 0.037037037037037035
3 0.44036458333333334 0.16342592592592592 0.005729166666666666 0.03796296296296296
2 0.19791666666666666 0.8435185185185186 0.023958333333333335 0.03148148148148148
2 0.039322916666666666 0.8041666666666667 0.021354166666666667 0.026851851851851852
2 0.2752604166666667 0.5115740740740741 0.025520833333333333 0.05277777777777778
2 0.19609375 0.5143518518518518 0.0265625 0.05092592592592592
2 0.85078125 0.7888888888888889 0.019270833333333334 0.027777777777777776
2 0.9533854166666667 0.7453703703703703 0.0171875 0.020370370370370372
2 0.7927083333333333 0.48009259259259257 0.017708333333333333 0.028703703703703703
2 0.7197916666666667 0.449537037037037 0.01875 0.028703703703703703
2 0.7578125 0.42268518518518516 0.014583333333333334 0.026851851851851852
2 0.7291666666666666 0.3902777777777778 0.013541666666666667 0.019444444444444445
2 0.6869791666666667 0.39537037037037037 0.014583333333333334 0.024074074074074074
2 0.35260416666666666 0.3449074074074074 0.019791666666666666 0.03425925925925926
2 0.2953125 0.3490740740740741 0.017708333333333333 0.03333333333333333
2 0.6278645833333333 0.25601851851851853 0.008854166666666666 0.012037037037037037
2 0.5432291666666667 0.24861111111111112 0.007291666666666667 0.013888888888888888
2 0.50546875 0.18981481481481483 0.005729166666666666 0.012962962962962963
2 0.2421875 0.2152777777777778 0.00625 0.012037037037037037
0 0.6106770833333334 0.19398148148148148 0.016145833333333335 0.05648148148148148
1 0.603125 0.21481481481481482 0.004166666666666667 0.009259259259259259