2 0.19869791666666667 0.8430555555555556 0.0234375 0.041666666666666664
2 0.03984375 0.8050925925925926 0.022395833333333334 0.03425925925925926
2 0.27786458333333336 0.5106481481481482 0.025520833333333333 0.05462962962962963
2 0.19739583333333333 0.5087962962962963 0.028125 0.05648148148148148
2 0.853125 0.7898148148148149 0.020833333333333332 0.03518518518518519
2 0.9552083333333333 0.7472222222222222 0.016666666666666666 0.025925925925925925
2 0.7927083333333333 0.48009259259259257 0.016666666666666666 0.03425925925925926
2 0.7213541666666666 0.44675925925925924 0.016666666666666666 0.032407407407407406
2 0.6901041666666666 0.3939814814814815 0.0125 0.028703703703703703
2 0.7583333333333333 0.42083333333333334 0.014583333333333334 0.030555555555555555
2 0.7276041666666667 0.38055555555555554 0.013541666666666667 0.027777777777777776
2 0.353125 0.3435185185185185 0.014583333333333334 0.037037037037037035
2 0.2981770833333333 0.3472222222222222 0.015104166666666667 0.03888888888888889
2 0.5442708333333334 0.24861111111111112 0.009375 0.017592592592592594
2 0.6294270833333333 0.25555555555555554 0.008854166666666666 0.016666666666666666
2 0.5067708333333333 0.19027777777777777 0.00625 0.01574074074074074
2 0.24270833333333333 0.2162037037037037 0.008333333333333333 0.01574074074074074
0 0.46979166666666666 0.1597222222222222 0.017708333333333333 0.03981481481481482
3 0.43984375 0.16111111111111112 0.0078125 0.040740740740740744
3 0.5625 0.16620370370370371 0.008333333333333333 0.04351851851851852