2 0.19895833333333332 0.8444444444444444 0.025 0.03888888888888889
2 0.0390625 0.8041666666666667 0.022916666666666665 0.032407407407407406
2 0.8502604166666666 0.7902777777777777 0.0234375 0.03425925925925926
2 0.9546875 0.7472222222222222 0.01875 0.027777777777777776
2 0.19505208333333332 0.5125 0.0265625 0.05648148148148148
2 0.27760416666666665 0.5078703703703704 0.025 0.05648148148148148
2 0.29765625 0.34629629629629627 0.015104166666666667 0.03518518518518519
2 0.3515625 0.34074074074074073 0.0125 0.037037037037037035
2 0.7216145833333333 0.45 0.016145833333333335 0.03518518518518519
2 0.79375 0.48194444444444445 0.013541666666666667 0.028703703703703703
2 0.68828125 0.39166666666666666 0.0171875 0.02962962962962963
2 0.7286458333333333 0.38287037037037036 0.013541666666666667 0.03611111111111111
2 0.7588541666666667 0.4222222222222222 0.016666666666666666 0.03888888888888889
2 0.5447916666666667 0.25092592592592594 0.008333333333333333 0.018518518518518517
2 0.6291666666666667 0.2564814814814815 0.011458333333333333 0.018518518518518517
2 0.50546875 0.19166666666666668 0.009895833333333333 0.022222222222222223
2 0.24401041666666667 0.21851851851851853 0.011979166666666667 0.018518518518518517
3 0.44166666666666665 0.16342592592592592 0.011458333333333333 0.04351851851851852
3 0.5622395833333333 0.16435185185185186 0.008854166666666666 0.04722222222222222
0 0.4510416666666667 0.16435185185185186 0.022916666666666665 0.04722222222222222