2 0.19895833333333332 0.8444444444444444 0.025 0.03888888888888889
2 0.039322916666666666 0.8060185185185185 0.0203125 0.032407407407407406
2 0.8515625 0.7898148148148149 0.022916666666666665 0.02962962962962963
2 0.9536458333333333 0.7458333333333333 0.019791666666666666 0.025
2 0.27708333333333335 0.5069444444444444 0.027083333333333334 0.058333333333333334
2 0.19713541666666667 0.5115740740740741 0.028645833333333332 0.05648148148148148
2 0.79296875 0.48148148148148145 0.0203125 0.03333333333333333
2 0.7213541666666666 0.4476851851851852 0.01875 0.03425925925925926
2 0.6890625 0.39305555555555555 0.015625 0.026851851851851852
2 0.7578125 0.42083333333333334 0.013541666666666667 0.023148148148148147
2 0.353125 0.3425925925925926 0.014583333333333334 0.03518518518518519
2 0.29713541666666665 0.3453703703703704 0.016145833333333335 0.03518518518518519
2 0.5442708333333334 0.24861111111111112 0.00625 0.013888888888888888
2 0.6296875 0.2564814814814815 0.007291666666666667 0.018518518518518517
2 0.5052083333333334 0.19027777777777777 0.00625 0.013888888888888888
2 0.24270833333333333 0.21574074074074073 0.00625 0.012962962962962963
2 0.7270833333333333 0.3819444444444444 0.010416666666666666 0.025
3 0.4401041666666667 0.16157407407407406 0.00625 0.041666666666666664
3 0.56171875 0.16805555555555557 0.0078125 0.03796296296296296
1 0.21171875 0.49722222222222223 0.0234375 0.027777777777777776
0 0.22447916666666667 0.4305555555555556 0.08229166666666667 0.15