2 0.95390625 0.7462962962962963 0.018229166666666668 0.022222222222222223
2 0.8505208333333333 0.7888888888888889 0.020833333333333332 0.027777777777777776
2 0.19791666666666666 0.8425925925925926 0.025 0.03148148148148148
2 0.039322916666666666 0.8041666666666667 0.021354166666666667 0.026851851851851852
2 0.27630208333333334 0.5092592592592593 0.027604166666666666 0.053703703703703705
2 0.19583333333333333 0.513425925925926 0.027083333333333334 0.05092592592592592
2 0.7921875 0.48009259259259257 0.017708333333333333 0.030555555555555555
2 0.7190104166666667 0.44907407407407407 0.018229166666666668 0.02962962962962963
2 0.7575520833333333 0.42314814814814816 0.0140625 0.027777777777777776
2 0.6872395833333333 0.39537037037037037 0.015104166666666667 0.024074074074074074
2 0.728125 0.3824074074074074 0.0125 0.025925925925925925
2 0.3528645833333333 0.34444444444444444 0.019270833333333334 0.03333333333333333
2 0.2955729166666667 0.3486111111111111 0.0171875 0.032407407407407406
2 0.5432291666666667 0.24768518518518517 0.007291666666666667 0.013888888888888888
2 0.62734375 0.25601851851851853 0.008854166666666666 0.012037037037037037
2 0.5057291666666667 0.18981481481481483 0.00625 0.012962962962962963
2 0.24244791666666668 0.2162037037037037 0.005729166666666666 0.012037037037037037
3 0.4401041666666667 0.16296296296296298 0.005208333333333333 0.03888888888888889
3 0.5611979166666666 0.16805555555555557 0.005729166666666666 0.03611111111111111