3 0.5609375 0.1675925925925926 0.00625 0.03888888888888889
3 0.43984375 0.16296296296296298 0.0067708333333333336 0.03888888888888889
2 0.1984375 0.8435185185185186 0.022916666666666665 0.03333333333333333
2 0.038802083333333334 0.8037037037037037 0.0203125 0.025925925925925925
2 0.8502604166666666 0.788425925925926 0.0203125 0.026851851851851852
2 0.95390625 0.7458333333333333 0.0171875 0.023148148148148147
2 0.275 0.5115740740740741 0.025 0.05277777777777778
2 0.19609375 0.5138888888888888 0.027604166666666666 0.05
2 0.7924479166666667 0.48055555555555557 0.0171875 0.02962962962962963
2 0.7192708333333333 0.449537037037037 0.017708333333333333 0.028703703703703703
2 0.7578125 0.42268518518518516 0.013541666666666667 0.026851851851851852
2 0.7286458333333333 0.38333333333333336 0.0125 0.024074074074074074
2 0.6869791666666667 0.39537037037037037 0.014583333333333334 0.024074074074074074
2 0.3533854166666667 0.3435185185185185 0.019270833333333334 0.03333333333333333
2 0.2955729166666667 0.3490740740740741 0.0171875 0.03333333333333333
2 0.6278645833333333 0.2564814814814815 0.008854166666666666 0.012962962962962963
2 0.5432291666666667 0.24861111111111112 0.007291666666666667 0.013888888888888888
2 0.24192708333333332 0.21574074074074073 0.005729166666666666 0.012962962962962963
2 0.5057291666666667 0.19027777777777777 0.00625 0.013888888888888888
1 0.9229166666666667 0.7689814814814815 0.030208333333333334 0.03425925925925926