2 0.9528645833333333 0.7458333333333333 0.0171875 0.021296296296296296
2 0.8505208333333333 0.7888888888888889 0.019791666666666666 0.027777777777777776
2 0.19739583333333333 0.8425925925925926 0.023958333333333335 0.03148148148148148
2 0.03984375 0.8041666666666667 0.021354166666666667 0.025
2 0.2760416666666667 0.5106481481481482 0.027083333333333334 0.05462962962962963
2 0.19635416666666666 0.5138888888888888 0.026041666666666668 0.05
2 0.7921875 0.48055555555555557 0.017708333333333333 0.02962962962962963
2 0.7197916666666667 0.44907407407407407 0.017708333333333333 0.027777777777777776
2 0.7578125 0.4222222222222222 0.013541666666666667 0.024074074074074074
2 0.6869791666666667 0.39537037037037037 0.014583333333333334 0.024074074074074074
2 0.7276041666666667 0.3814814814814815 0.013541666666666667 0.022222222222222223
2 0.35234375 0.34444444444444444 0.0203125 0.03333333333333333
2 0.2953125 0.3490740740740741 0.017708333333333333 0.03333333333333333
2 0.6278645833333333 0.25601851851851853 0.0078125 0.012037037037037037
2 0.5432291666666667 0.24768518518518517 0.007291666666666667 0.013888888888888888
2 0.50546875 0.19027777777777777 0.005729166666666666 0.013888888888888888
2 0.2421875 0.2152777777777778 0.00625 0.013888888888888888
1 0.7609375 0.41064814814814815 0.011458333333333333 0.019444444444444445
0 0.78828125 0.37453703703703706 0.03177083333333333 0.12129629629629629
3 0.43984375 0.16203703703703703 0.0046875 0.040740740740740744
3 0.5604166666666667 0.16712962962962963 0.00625 0.03796296296296296