2 0.19791666666666666 0.8435185185185186 0.025 0.03333333333333333
2 0.039322916666666666 0.8041666666666667 0.022395833333333334 0.026851851851851852
2 0.275 0.5115740740740741 0.026041666666666668 0.05462962962962963
2 0.19583333333333333 0.513425925925926 0.028125 0.05277777777777778
2 0.35260416666666666 0.3439814814814815 0.019791666666666666 0.03425925925925926
2 0.2953125 0.34953703703703703 0.017708333333333333 0.03425925925925926
2 0.2421875 0.21574074074074073 0.00625 0.012962962962962963
2 0.9533854166666667 0.7453703703703703 0.0171875 0.022222222222222223
2 0.8513020833333333 0.788425925925926 0.019270833333333334 0.028703703703703703
2 0.7924479166666667 0.48009259259259257 0.018229166666666668 0.028703703703703703
2 0.7197916666666667 0.449537037037037 0.017708333333333333 0.028703703703703703
2 0.7578125 0.4222222222222222 0.014583333333333334 0.025925925925925925
2 0.7294270833333333 0.38981481481481484 0.013020833333333334 0.018518518518518517
2 0.6869791666666667 0.39490740740740743 0.014583333333333334 0.023148148148148147
2 0.6278645833333333 0.25601851851851853 0.008854166666666666 0.012037037037037037
2 0.5432291666666667 0.24861111111111112 0.008333333333333333 0.013888888888888888
2 0.5057291666666667 0.18935185185185185 0.00625 0.013888888888888888
0 0.5265625 0.2152777777777778 0.023958333333333335 0.07314814814814814
1 0.5309895833333333 0.24444444444444444 0.0078125 0.012962962962962963
3 0.56171875 0.16898148148148148 0.0067708333333333336 0.03425925925925926
3 0.4401041666666667 0.16296296296296298 0.005208333333333333 0.03888888888888889