3 0.56015625 0.16712962962962963 0.005729166666666666 0.03796296296296296
3 0.440625 0.1638888888888889 0.004166666666666667 0.037037037037037035
2 0.19765625 0.8435185185185186 0.0234375 0.02962962962962963
2 0.0390625 0.8041666666666667 0.020833333333333332 0.025
2 0.8505208333333333 0.7888888888888889 0.01875 0.027777777777777776
2 0.95390625 0.7458333333333333 0.0171875 0.021296296296296296
2 0.7924479166666667 0.48009259259259257 0.018229166666666668 0.030555555555555555
2 0.7197916666666667 0.449537037037037 0.017708333333333333 0.028703703703703703
2 0.7578125 0.42314814814814816 0.013541666666666667 0.025925925925925925
2 0.728125 0.3824074074074074 0.0125 0.024074074074074074
2 0.6869791666666667 0.39537037037037037 0.014583333333333334 0.024074074074074074
2 0.27578125 0.5106481481481482 0.0265625 0.05462962962962963
2 0.1953125 0.512962962962963 0.027083333333333334 0.05185185185185185
2 0.3533854166666667 0.3439814814814815 0.018229166666666668 0.032407407407407406
2 0.2953125 0.3490740740740741 0.016666666666666666 0.03333333333333333
2 0.6276041666666666 0.25601851851851853 0.009375 0.012037037037037037
2 0.5434895833333333 0.24814814814814815 0.0078125 0.012962962962962963
2 0.24270833333333333 0.2162037037037037 0.00625 0.012037037037037037
2 0.5057291666666667 0.18981481481481483 0.00625 0.012962962962962963
0 0.9466145833333334 0.6425925925925926 0.10364583333333334 0.22592592592592592
1 0.89765625 0.6675925925925926 0.0234375 0.037037037037037035