2 0.19895833333333332 0.8444444444444444 0.025 0.03888888888888889
2 0.039322916666666666 0.8060185185185185 0.0203125 0.032407407407407406
2 0.8515625 0.7898148148148149 0.022916666666666665 0.02962962962962963
2 0.9536458333333333 0.7458333333333333 0.019791666666666666 0.025
2 0.27708333333333335 0.5069444444444444 0.027083333333333334 0.058333333333333334
2 0.19713541666666667 0.5115740740740741 0.028645833333333332 0.05648148148148148
2 0.79296875 0.48148148148148145 0.0203125 0.03333333333333333
2 0.7213541666666666 0.4476851851851852 0.01875 0.03425925925925926
2 0.68984375 0.39537037037037037 0.0140625 0.03148148148148148
2 0.7578125 0.42083333333333334 0.013541666666666667 0.023148148148148147
2 0.353125 0.3425925925925926 0.014583333333333334 0.03518518518518519
2 0.29713541666666665 0.3453703703703704 0.016145833333333335 0.03518518518518519
2 0.5453125 0.24953703703703703 0.008333333333333333 0.01574074074074074
2 0.6296875 0.2564814814814815 0.007291666666666667 0.018518518518518517
2 0.50625 0.1925925925925926 0.008333333333333333 0.014814814814814815
2 0.24348958333333334 0.21666666666666667 0.0078125 0.014814814814814815
2 0.7270833333333333 0.3819444444444444 0.010416666666666666 0.025
3 0.43802083333333336 0.1625 0.010416666666666666 0.03981481481481482
3 0.5614583333333333 0.1685185185185185 0.007291666666666667 0.03518518518518519