2 0.1984375 0.8421296296296297 0.022916666666666665 0.032407407407407406
2 0.038802083333333334 0.8032407407407407 0.021354166666666667 0.028703703703703703
2 0.196875 0.5138888888888888 0.026041666666666668 0.04814814814814815
2 0.35260416666666666 0.3439814814814815 0.01875 0.03425925925925926
2 0.2955729166666667 0.3486111111111111 0.018229166666666668 0.032407407407407406
2 0.8502604166666666 0.788425925925926 0.019270833333333334 0.026851851851851852
2 0.9536458333333333 0.7462962962962963 0.016666666666666666 0.022222222222222223
2 0.7924479166666667 0.47962962962962963 0.0171875 0.027777777777777776
2 0.71953125 0.44907407407407407 0.0171875 0.027777777777777776
2 0.7575520833333333 0.42268518518518516 0.013020833333333334 0.025
2 0.7283854166666667 0.38333333333333336 0.013020833333333334 0.025925925925925925
2 0.6872395833333333 0.39490740740740743 0.015104166666666667 0.025
2 0.6278645833333333 0.2564814814814815 0.0078125 0.012962962962962963
2 0.5434895833333333 0.24814814814814815 0.0078125 0.012962962962962963
2 0.5057291666666667 0.18981481481481483 0.00625 0.012962962962962963
2 0.2421875 0.2152777777777778 0.005208333333333333 0.012037037037037037
2 0.27578125 0.5111111111111111 0.028645833333333332 0.05555555555555555
1 0.7869791666666667 0.45787037037037037 0.016666666666666666 0.025
3 0.4401041666666667 0.16342592592592592 0.005208333333333333 0.03796296296296296
3 0.5604166666666667 0.16944444444444445 0.005208333333333333 0.03333333333333333
0 0.8221354166666667 0.4148148148148148 0.05677083333333333 0.16111111111111112