0 0.7833333333333333 0.3861111111111111 0.052083333333333336 0.16666666666666666
2 0.19921875 0.8467592592592592 0.024479166666666666 0.03425925925925926
2 0.03802083333333333 0.8050925925925926 0.021875 0.030555555555555555
2 0.19453125 0.5111111111111111 0.0265625 0.053703703703703705
2 0.27578125 0.5078703703703704 0.0234375 0.05277777777777778
2 0.8520833333333333 0.787962962962963 0.021875 0.02962962962962963
2 0.9544270833333334 0.7453703703703703 0.018229166666666668 0.02962962962962963
2 0.7216145833333333 0.4476851851851852 0.015104166666666667 0.028703703703703703
2 0.6893229166666667 0.3939814814814815 0.013020833333333334 0.023148148148148147
2 0.72734375 0.38055555555555554 0.009895833333333333 0.025925925925925925
2 0.7940104166666667 0.48009259259259257 0.015104166666666667 0.028703703703703703
2 0.35234375 0.3425925925925926 0.013020833333333334 0.03888888888888889
2 0.29713541666666665 0.34675925925925927 0.0140625 0.03611111111111111
2 0.24270833333333333 0.21574074074074073 0.00625 0.012962962962962963
2 0.5442708333333334 0.24814814814814815 0.007291666666666667 0.016666666666666666
2 0.63046875 0.25601851851851853 0.0078125 0.013888888888888888
2 0.50546875 0.19074074074074074 0.0067708333333333336 0.014814814814814815
3 0.43984375 0.16203703703703703 0.0109375 0.040740740740740744
3 0.5619791666666667 0.16620370370370371 0.007291666666666667 0.04351851851851852
1 0.7846354166666667 0.44305555555555554 0.016145833333333335 0.021296296296296296