2 0.19895833333333332 0.8444444444444444 0.025 0.03888888888888889
2 0.039322916666666666 0.8060185185185185 0.0203125 0.032407407407407406
2 0.8515625 0.7898148148148149 0.022916666666666665 0.02962962962962963
2 0.9536458333333333 0.7458333333333333 0.019791666666666666 0.025
2 0.2765625 0.5097222222222222 0.026041666666666668 0.05277777777777778
2 0.19635416666666666 0.513425925925926 0.027083333333333334 0.05277777777777778
2 0.79296875 0.48148148148148145 0.0203125 0.03333333333333333
2 0.7213541666666666 0.4476851851851852 0.01875 0.03425925925925926
2 0.68984375 0.39537037037037037 0.0140625 0.03148148148148148
2 0.7578125 0.42083333333333334 0.013541666666666667 0.023148148148148147
2 0.353125 0.3425925925925926 0.014583333333333334 0.03518518518518519
2 0.29713541666666665 0.3453703703703704 0.016145833333333335 0.03518518518518519
2 0.5447916666666667 0.24861111111111112 0.008333333333333333 0.01574074074074074
2 0.6296875 0.2564814814814815 0.007291666666666667 0.018518518518518517
2 0.5057291666666667 0.19074074074074074 0.008333333333333333 0.014814814814814815
2 0.24348958333333334 0.21666666666666667 0.0078125 0.014814814814814815
2 0.7270833333333333 0.3819444444444444 0.010416666666666666 0.025
3 0.440625 0.16296296296296298 0.007291666666666667 0.044444444444444446
3 0.5609375 0.16620370370370371 0.007291666666666667 0.04351851851851852