2 0.9536458333333333 0.7458333333333333 0.015625 0.021296296296296296
2 0.8502604166666666 0.7875 0.0203125 0.028703703703703703
2 0.19765625 0.8425925925925926 0.024479166666666666 0.037037037037037035
2 0.038802083333333334 0.8041666666666667 0.0203125 0.026851851851851852
2 0.2747395833333333 0.5111111111111111 0.025520833333333333 0.053703703703703705
2 0.19609375 0.5138888888888888 0.027604166666666666 0.05185185185185185
2 0.7921875 0.48009259259259257 0.01875 0.028703703703703703
2 0.7575520833333333 0.4222222222222222 0.0140625 0.025925925925925925
2 0.7192708333333333 0.449537037037037 0.017708333333333333 0.028703703703703703
2 0.728125 0.3824074074074074 0.0125 0.025925925925925925
2 0.6869791666666667 0.39537037037037037 0.014583333333333334 0.024074074074074074
2 0.3528645833333333 0.3439814814814815 0.019270833333333334 0.03425925925925926
2 0.2955729166666667 0.3490740740740741 0.0171875 0.03333333333333333
2 0.24244791666666668 0.21574074074074073 0.005729166666666666 0.012962962962962963
2 0.5434895833333333 0.24814814814814815 0.0078125 0.012962962962962963
2 0.6278645833333333 0.2564814814814815 0.008854166666666666 0.012962962962962963
2 0.50546875 0.18935185185185185 0.005729166666666666 0.013888888888888888
1 0.5177083333333333 0.19166666666666668 0.004166666666666667 0.007407407407407408
0 0.5265625 0.17222222222222222 0.011458333333333333 0.046296296296296294
3 0.5611979166666666 0.1685185185185185 0.005729166666666666 0.037037037037037035
3 0.44036458333333334 0.16435185185185186 0.005729166666666666 0.03611111111111111