2 0.19661458333333334 0.5120370370370371 0.0296875 0.05740740740740741
2 0.27682291666666664 0.5097222222222222 0.027604166666666666 0.05648148148148148
2 0.29791666666666666 0.34814814814814815 0.015625 0.03888888888888889
2 0.35260416666666666 0.34120370370370373 0.016666666666666666 0.041666666666666664
2 0.24270833333333333 0.21712962962962962 0.008333333333333333 0.01574074074074074
2 0.19739583333333333 0.8425925925925926 0.028125 0.05
2 0.03984375 0.8037037037037037 0.024479166666666666 0.03148148148148148
2 0.8515625 0.7912037037037037 0.022916666666666665 0.03981481481481482
2 0.95390625 0.7444444444444445 0.0203125 0.027777777777777776
2 0.79296875 0.47962962962962963 0.018229166666666668 0.02962962962962963
2 0.7223958333333333 0.45231481481481484 0.021875 0.03796296296296296
2 0.68828125 0.39537037037037037 0.013020833333333334 0.03333333333333333
2 0.7578125 0.4199074074074074 0.015625 0.041666666666666664
2 0.7286458333333333 0.3814814814814815 0.013541666666666667 0.03518518518518519
2 0.5440104166666667 0.24953703703703703 0.009895833333333333 0.021296296296296296
2 0.6296875 0.2569444444444444 0.009375 0.019444444444444445
2 0.5057291666666667 0.19166666666666668 0.009375 0.018518518518518517
3 0.440625 0.1625 0.016666666666666666 0.049074074074074076
3 0.5609375 0.16527777777777777 0.008333333333333333 0.05092592592592592