2 0.19791666666666666 0.8435185185185186 0.023958333333333335 0.03333333333333333
2 0.039322916666666666 0.8046296296296296 0.021354166666666667 0.025925925925925925
2 0.953125 0.7453703703703703 0.016666666666666666 0.022222222222222223
2 0.85078125 0.7888888888888889 0.018229166666666668 0.025925925925925925
2 0.2752604166666667 0.5106481481481482 0.025520833333333333 0.05092592592592592
2 0.19661458333333334 0.513425925925926 0.0265625 0.05092592592592592
2 0.2955729166666667 0.3486111111111111 0.0171875 0.032407407407407406
2 0.35260416666666666 0.3439814814814815 0.01875 0.032407407407407406
2 0.7924479166666667 0.48055555555555557 0.0171875 0.02962962962962963
2 0.7192708333333333 0.44907407407407407 0.017708333333333333 0.02962962962962963
2 0.75625 0.4199074074074074 0.010416666666666666 0.021296296296296296
2 0.68828125 0.3925925925925926 0.0109375 0.022222222222222223
2 0.7263020833333333 0.38101851851851853 0.0078125 0.021296296296296296
2 0.628125 0.25601851851851853 0.008333333333333333 0.012037037037037037
2 0.5434895833333333 0.24768518518518517 0.0078125 0.013888888888888888
2 0.2421875 0.21574074074074073 0.007291666666666667 0.012962962962962963
2 0.5052083333333334 0.1925925925925926 0.005208333333333333 0.018518518518518517
3 0.44036458333333334 0.1625 0.0046875 0.03796296296296296
3 0.5606770833333333 0.16805555555555557 0.005729166666666666 0.03611111111111111
1 0.3484375 0.27824074074074073 0.009375 0.01574074074074074
0 0.3346354166666667 0.2388888888888889 0.0265625 0.0962962962962963