3 0.44036458333333334 0.16296296296296298 0.005729166666666666 0.03888888888888889
3 0.56171875 0.1685185185185185 0.0078125 0.03518518518518519
2 0.9536458333333333 0.7449074074074075 0.016666666666666666 0.021296296296296296
2 0.85078125 0.788425925925926 0.019270833333333334 0.026851851851851852
2 0.19817708333333334 0.8425925925925926 0.024479166666666666 0.03148148148148148
2 0.03958333333333333 0.8046296296296296 0.021875 0.025925925925925925
2 0.275 0.5111111111111111 0.025 0.05185185185185185
2 0.19609375 0.513425925925926 0.027604166666666666 0.05092592592592592
2 0.7924479166666667 0.48009259259259257 0.016145833333333335 0.028703703703703703
2 0.71953125 0.449537037037037 0.018229166666666668 0.028703703703703703
2 0.7578125 0.42314814814814816 0.013541666666666667 0.025925925925925925
2 0.7291666666666666 0.3902777777777778 0.013541666666666667 0.019444444444444445
2 0.6869791666666667 0.39490740740740743 0.014583333333333334 0.025
2 0.35260416666666666 0.34444444444444444 0.019791666666666666 0.03518518518518519
2 0.2955729166666667 0.3490740740740741 0.018229166666666668 0.03333333333333333
2 0.5434895833333333 0.24861111111111112 0.0078125 0.013888888888888888
2 0.5057291666666667 0.18981481481481483 0.00625 0.012962962962962963
2 0.24244791666666668 0.2162037037037037 0.005729166666666666 0.012037037037037037
1 0.63515625 0.26157407407407407 0.0078125 0.012037037037037037
0 0.6307291666666667 0.23472222222222222 0.03333333333333333 0.0787037037037037