2 0.953125 0.7449074074074075 0.017708333333333333 0.023148148148148147
2 0.8502604166666666 0.788425925925926 0.019270833333333334 0.026851851851851852
2 0.19713541666666667 0.8421296296296297 0.0234375 0.032407407407407406
2 0.039322916666666666 0.8041666666666667 0.021354166666666667 0.025
2 0.2760416666666667 0.5115740740740741 0.028125 0.05462962962962963
2 0.19609375 0.5138888888888888 0.0265625 0.05
2 0.7921875 0.47962962962962963 0.01875 0.02962962962962963
2 0.71953125 0.45 0.0171875 0.02962962962962963
2 0.7578125 0.42268518518518516 0.014583333333333334 0.026851851851851852
2 0.7278645833333334 0.3824074074074074 0.013020833333333334 0.024074074074074074
2 0.6869791666666667 0.39537037037037037 0.014583333333333334 0.024074074074074074
2 0.35260416666666666 0.34444444444444444 0.019791666666666666 0.03333333333333333
2 0.2953125 0.3490740740740741 0.017708333333333333 0.03333333333333333
2 0.6278645833333333 0.2564814814814815 0.008854166666666666 0.012962962962962963
2 0.5434895833333333 0.24768518518518517 0.0078125 0.013888888888888888
2 0.24244791666666668 0.2152777777777778 0.005729166666666666 0.012037037037037037
2 0.50546875 0.18981481481481483 0.005729166666666666 0.012962962962962963
3 0.44036458333333334 0.16342592592592592 0.0067708333333333336 0.03796296296296296
3 0.5614583333333333 0.16805555555555557 0.007291666666666667 0.03611111111111111
0 0.58515625 0.17546296296296296 0.0078125 0.041666666666666664