2 0.19895833333333332 0.8435185185185186 0.025 0.040740740740740744
2 0.03958333333333333 0.8046296296296296 0.025 0.03518518518518519
2 0.2755208333333333 0.5087962962962963 0.027083333333333334 0.05462962962962963
2 0.19609375 0.5115740740740741 0.028645833333333332 0.05092592592592592
2 0.7934895833333333 0.47962962962962963 0.015104166666666667 0.02962962962962963
2 0.35104166666666664 0.3435185185185185 0.014583333333333334 0.037037037037037035
2 0.29765625 0.34675925925925927 0.0171875 0.03611111111111111
2 0.7234375 0.4462962962962963 0.0125 0.03333333333333333
2 0.7583333333333333 0.42268518518518516 0.010416666666666666 0.026851851851851852
2 0.69140625 0.3939814814814815 0.013020833333333334 0.023148148148148147
2 0.72890625 0.3824074074074074 0.013020833333333334 0.024074074074074074
2 0.50625 0.1925925925925926 0.005208333333333333 0.014814814814814815
2 0.5440104166666667 0.24861111111111112 0.0067708333333333336 0.017592592592592594
2 0.24296875 0.21666666666666667 0.009895833333333333 0.014814814814814815
2 0.6296875 0.2550925925925926 0.007291666666666667 0.01574074074074074
2 0.8513020833333333 0.7865740740740741 0.0203125 0.03611111111111111
2 0.95625 0.7449074074074075 0.01875 0.030555555555555555
3 0.44036458333333334 0.16064814814814815 0.009895833333333333 0.04351851851851852
3 0.5614583333333333 0.16620370370370371 0.00625 0.04351851851851852