2 0.19973958333333333 0.8453703703703703 0.0265625 0.03888888888888889
2 0.040625 0.8050925925925926 0.022916666666666665 0.030555555555555555
2 0.2765625 0.5069444444444444 0.027083333333333334 0.058333333333333334
2 0.19505208333333332 0.5087962962962963 0.025520833333333333 0.058333333333333334
2 0.35182291666666665 0.3416666666666667 0.016145833333333335 0.040740740740740744
2 0.29635416666666664 0.34629629629629627 0.016666666666666666 0.03333333333333333
2 0.8505208333333333 0.7865740740740741 0.021875 0.03611111111111111
2 0.9528645833333333 0.7462962962962963 0.0234375 0.02962962962962963
2 0.7919270833333333 0.48009259259259257 0.018229166666666668 0.032407407407407406
2 0.7216145833333333 0.4476851851851852 0.018229166666666668 0.03425925925925926
2 0.6888020833333334 0.39305555555555555 0.0171875 0.030555555555555555
2 0.75625 0.4203703703703704 0.014583333333333334 0.02962962962962963
2 0.7278645833333334 0.37962962962962965 0.011979166666666667 0.025925925925925925
2 0.54375 0.24953703703703703 0.011458333333333333 0.017592592592592594
2 0.6296875 0.25555555555555554 0.010416666666666666 0.016666666666666666
2 0.5052083333333334 0.19166666666666668 0.008333333333333333 0.016666666666666666
2 0.24244791666666668 0.21666666666666667 0.008854166666666666 0.016666666666666666
0 0.44895833333333335 0.16157407407407406 0.016666666666666666 0.03796296296296296
3 0.4401041666666667 0.1625 0.007291666666666667 0.041666666666666664
3 0.5609375 0.16527777777777777 0.009375 0.04351851851851852