1 0.1171875 0.9138888888888889 0.03854166666666667 0.04814814814814815
0 0.09192708333333334 0.7699074074074074 0.18802083333333333 0.175
2 0.1984375 0.8439814814814814 0.023958333333333335 0.032407407407407406
2 0.9536458333333333 0.7458333333333333 0.017708333333333333 0.021296296296296296
2 0.85078125 0.7888888888888889 0.019270833333333334 0.025925925925925925
2 0.2752604166666667 0.5111111111111111 0.025520833333333333 0.053703703703703705
2 0.19609375 0.512962962962963 0.0265625 0.05185185185185185
2 0.3528645833333333 0.34444444444444444 0.019270833333333334 0.03333333333333333
2 0.2953125 0.3490740740740741 0.017708333333333333 0.03333333333333333
2 0.79296875 0.48009259259259257 0.018229166666666668 0.028703703703703703
2 0.7197916666666667 0.449537037037037 0.017708333333333333 0.028703703703703703
2 0.7580729166666667 0.42268518518518516 0.0140625 0.025
2 0.7296875 0.38981481481481484 0.013541666666666667 0.018518518518518517
2 0.6869791666666667 0.39490740740740743 0.014583333333333334 0.023148148148148147
2 0.6278645833333333 0.2564814814814815 0.008854166666666666 0.012962962962962963
2 0.5434895833333333 0.24814814814814815 0.0078125 0.012962962962962963
2 0.24244791666666668 0.2162037037037037 0.005729166666666666 0.012037037037037037
2 0.5057291666666667 0.18935185185185185 0.00625 0.013888888888888888
3 0.5611979166666666 0.1675925925925926 0.0067708333333333336 0.037037037037037035
3 0.4395833333333333 0.16203703703703703 0.00625 0.03888888888888889