3 0.5614583333333333 0.16712962962962963 0.00625 0.03796296296296296
3 0.4401041666666667 0.16203703703703703 0.005208333333333333 0.03888888888888889
2 0.19869791666666667 0.8430555555555556 0.024479166666666666 0.03425925925925926
2 0.03958333333333333 0.8041666666666667 0.021875 0.026851851851851852
2 0.953125 0.7453703703703703 0.01875 0.022222222222222223
2 0.8505208333333333 0.788425925925926 0.019791666666666666 0.026851851851851852
2 0.275 0.5111111111111111 0.025 0.053703703703703705
2 0.19635416666666666 0.513425925925926 0.028125 0.05092592592592592
2 0.7924479166666667 0.48055555555555557 0.018229166666666668 0.02962962962962963
2 0.7197916666666667 0.449537037037037 0.017708333333333333 0.028703703703703703
2 0.7578125 0.42268518518518516 0.013541666666666667 0.026851851851851852
2 0.6869791666666667 0.39537037037037037 0.014583333333333334 0.024074074074074074
2 0.7276041666666667 0.38333333333333336 0.0125 0.024074074074074074
2 0.2955729166666667 0.34953703703703703 0.0171875 0.032407407407407406
2 0.3528645833333333 0.3439814814814815 0.019270833333333334 0.03425925925925926
2 0.6278645833333333 0.25601851851851853 0.008854166666666666 0.012037037037037037
2 0.54375 0.24814814814814815 0.007291666666666667 0.012962962962962963
2 0.2421875 0.2162037037037037 0.005208333333333333 0.012037037037037037
2 0.50546875 0.18935185185185185 0.005729166666666666 0.013888888888888888
1 0.92265625 0.7689814814814815 0.0296875 0.03611111111111111