0 0.3619791666666667 0.19444444444444445 0.017708333333333333 0.05
1 0.3723958333333333 0.21898148148148147 0.00625 0.008333333333333333
2 0.9528645833333333 0.7453703703703703 0.0171875 0.022222222222222223
2 0.8505208333333333 0.788425925925926 0.01875 0.026851851851851852
2 0.19791666666666666 0.8425925925925926 0.023958333333333335 0.03148148148148148
2 0.03958333333333333 0.8046296296296296 0.021875 0.027777777777777776
2 0.7921875 0.48009259259259257 0.017708333333333333 0.030555555555555555
2 0.2760416666666667 0.5106481481481482 0.027083333333333334 0.05462962962962963
2 0.19635416666666666 0.513425925925926 0.027083333333333334 0.05092592592592592
2 0.7575520833333333 0.42268518518518516 0.0140625 0.026851851851851852
2 0.7197916666666667 0.449537037037037 0.017708333333333333 0.028703703703703703
2 0.7278645833333334 0.3814814814814815 0.013020833333333334 0.024074074074074074
2 0.6869791666666667 0.39490740740740743 0.014583333333333334 0.023148148148148147
2 0.2955729166666667 0.3490740740740741 0.018229166666666668 0.03333333333333333
2 0.3528645833333333 0.34444444444444444 0.019270833333333334 0.03333333333333333
2 0.6278645833333333 0.25601851851851853 0.008854166666666666 0.012037037037037037
2 0.5434895833333333 0.24814814814814815 0.0078125 0.012962962962962963
2 0.2421875 0.21574074074074073 0.00625 0.012962962962962963
2 0.5059895833333333 0.18981481481481483 0.005729166666666666 0.012962962962962963
3 0.5614583333333333 0.1685185185185185 0.00625 0.037037037037037035
3 0.4390625 0.16203703703703703 0.009375 0.040740740740740744