2 0.19869791666666667 0.8435185185185186 0.0234375 0.040740740740740744
2 0.038802083333333334 0.8032407407407407 0.0234375 0.03796296296296296
2 0.19557291666666668 0.5097222222222222 0.028645833333333332 0.04722222222222222
2 0.275 0.5087962962962963 0.023958333333333335 0.05462962962962963
2 0.29713541666666665 0.3486111111111111 0.0140625 0.03611111111111111
2 0.35182291666666665 0.3416666666666667 0.015104166666666667 0.03888888888888889
2 0.72109375 0.44583333333333336 0.0171875 0.032407407407407406
2 0.79296875 0.47962962962962963 0.016145833333333335 0.02962962962962963
2 0.6895833333333333 0.3958333333333333 0.014583333333333334 0.026851851851851852
2 0.75703125 0.4222222222222222 0.015104166666666667 0.027777777777777776
2 0.8518229166666667 0.7888888888888889 0.0203125 0.03333333333333333
2 0.95546875 0.7462962962962963 0.0203125 0.02962962962962963
2 0.7276041666666667 0.38287037037037036 0.013541666666666667 0.026851851851851852
2 0.5440104166666667 0.24861111111111112 0.009895833333333333 0.017592592592592594
2 0.62890625 0.25555555555555554 0.0078125 0.016666666666666666
2 0.5065104166666666 0.19027777777777777 0.0078125 0.01574074074074074
2 0.2421875 0.21666666666666667 0.008333333333333333 0.014814814814814815
3 0.44036458333333334 0.16342592592592592 0.009895833333333333 0.03981481481481482
3 0.56171875 0.16620370370370371 0.008854166666666666 0.04537037037037037
1 0.9877604166666667 0.8152777777777778 0.022395833333333334 0.03425925925925926