2 0.03984375 0.8046296296296296 0.019270833333333334 0.03518518518518519
2 0.19895833333333332 0.8407407407407408 0.025 0.04259259259259259
2 0.2 0.5120370370370371 0.030208333333333334 0.05555555555555555
2 0.27760416666666665 0.5097222222222222 0.025 0.05277777777777778
2 0.8515625 0.7875 0.020833333333333332 0.03611111111111111
2 0.9559895833333333 0.7462962962962963 0.018229166666666668 0.03333333333333333
2 0.7942708333333334 0.48055555555555557 0.022916666666666665 0.03518518518518519
2 0.72265625 0.4486111111111111 0.0171875 0.03796296296296296
2 0.353125 0.3435185185185185 0.014583333333333334 0.037037037037037035
2 0.6901041666666666 0.39490740740740743 0.015625 0.032407407407407406
2 0.2953125 0.36203703703703705 0.013541666666666667 0.03518518518518519
2 0.75859375 0.42268518518518516 0.011979166666666667 0.026851851851851852
2 0.728125 0.38472222222222224 0.014583333333333334 0.028703703703703703
2 0.5453125 0.24953703703703703 0.008333333333333333 0.021296296296296296
2 0.6302083333333334 0.25555555555555554 0.010416666666666666 0.020370370370370372
2 0.5065104166666666 0.19027777777777777 0.0078125 0.01574074074074074
2 0.24322916666666666 0.2175925925925926 0.008333333333333333 0.014814814814814815
3 0.43984375 0.1625 0.015104166666666667 0.041666666666666664
3 0.56171875 0.16712962962962963 0.008854166666666666 0.041666666666666664