2 0.9533854166666667 0.7449074074074075 0.0171875 0.023148148148148147
2 0.85078125 0.7875 0.019270833333333334 0.026851851851851852
2 0.19791666666666666 0.8425925925925926 0.025 0.03333333333333333
2 0.0390625 0.8037037037037037 0.020833333333333332 0.027777777777777776
2 0.275 0.5101851851851852 0.025 0.05185185185185185
2 0.19635416666666666 0.5138888888888888 0.027083333333333334 0.05
2 0.7921875 0.48009259259259257 0.017708333333333333 0.030555555555555555
2 0.7192708333333333 0.449537037037037 0.017708333333333333 0.028703703703703703
2 0.7575520833333333 0.4222222222222222 0.0140625 0.025925925925925925
2 0.7283854166666667 0.3819444444444444 0.011979166666666667 0.023148148148148147
2 0.68671875 0.39490740740740743 0.0140625 0.023148148148148147
2 0.3528645833333333 0.3439814814814815 0.019270833333333334 0.03425925925925926
2 0.29609375 0.3490740740740741 0.0171875 0.03333333333333333
2 0.6278645833333333 0.25601851851851853 0.009895833333333333 0.012037037037037037
2 0.5434895833333333 0.24814814814814815 0.0078125 0.014814814814814815
2 0.50546875 0.18981481481481483 0.0067708333333333336 0.012962962962962963
2 0.24192708333333332 0.21574074074074073 0.005729166666666666 0.012962962962962963
1 0.57890625 0.19212962962962962 0.0036458333333333334 0.006481481481481481
0 0.5760416666666667 0.17453703703703705 0.011458333333333333 0.04537037037037037
3 0.5611979166666666 0.16712962962962963 0.005729166666666666 0.03796296296296296
3 0.440625 0.16435185185185186 0.005208333333333333 0.03611111111111111