2 0.1984375 0.8430555555555556 0.023958333333333335 0.030555555555555555
2 0.039322916666666666 0.8041666666666667 0.021354166666666667 0.025
2 0.95390625 0.7449074074074075 0.016145833333333335 0.021296296296296296
2 0.85078125 0.788425925925926 0.019270833333333334 0.026851851851851852
2 0.19609375 0.513425925925926 0.027604166666666666 0.05092592592592592
2 0.27578125 0.5101851851851852 0.0265625 0.053703703703703705
2 0.7924479166666667 0.47962962962962963 0.0171875 0.02962962962962963
2 0.7578125 0.42268518518518516 0.013541666666666667 0.025
2 0.7197916666666667 0.44907407407407407 0.017708333333333333 0.02962962962962963
2 0.6869791666666667 0.39490740740740743 0.014583333333333334 0.023148148148148147
2 0.7276041666666667 0.3814814814814815 0.011458333333333333 0.022222222222222223
2 0.35260416666666666 0.34444444444444444 0.019791666666666666 0.03333333333333333
2 0.2955729166666667 0.3490740740740741 0.0171875 0.03333333333333333
2 0.6278645833333333 0.25601851851851853 0.008854166666666666 0.012037037037037037
2 0.5434895833333333 0.24768518518518517 0.0078125 0.013888888888888888
2 0.24244791666666668 0.21666666666666667 0.005729166666666666 0.012962962962962963
2 0.5057291666666667 0.19074074074074074 0.00625 0.012962962962962963
1 0.9348958333333334 0.7828703703703703 0.027083333333333334 0.030555555555555555
3 0.44114583333333335 0.16342592592592592 0.005208333333333333 0.03796296296296296
3 0.5611979166666666 0.1675925925925926 0.0067708333333333336 0.037037037037037035