3 0.5614583333333333 0.1675925925925926 0.008333333333333333 0.040740740740740744
3 0.4390625 0.16111111111111112 0.009375 0.044444444444444446
2 0.2755208333333333 0.5074074074074074 0.025 0.05185185185185185
2 0.19479166666666667 0.5078703703703704 0.025 0.05277777777777778
2 0.2955729166666667 0.3476851851851852 0.015104166666666667 0.03425925925925926
2 0.3536458333333333 0.3421296296296296 0.013541666666666667 0.03425925925925926
2 0.24244791666666668 0.21574074074074073 0.0067708333333333336 0.012962962962962963
2 0.5450520833333333 0.24814814814814815 0.008854166666666666 0.022222222222222223
2 0.03984375 0.8074074074074075 0.0203125 0.02962962962962963
2 0.19817708333333334 0.8444444444444444 0.025520833333333333 0.044444444444444446
2 0.7216145833333333 0.4462962962962963 0.0140625 0.03148148148148148
2 0.6895833333333333 0.3939814814814815 0.011458333333333333 0.030555555555555555
2 0.5075520833333333 0.19166666666666668 0.009895833333333333 0.016666666666666666
2 0.7294270833333333 0.38101851851851853 0.0109375 0.026851851851851852
2 0.6286458333333333 0.2569444444444444 0.008333333333333333 0.017592592592592594
2 0.7578125 0.4212962962962963 0.0125 0.024074074074074074
2 0.79453125 0.47824074074074074 0.011979166666666667 0.026851851851851852
2 0.8515625 0.7875 0.01875 0.03611111111111111
2 0.9536458333333333 0.7449074074074075 0.019791666666666666 0.026851851851851852