0 0.278125 0.3476851851851852 0.06041666666666667 0.1527777777777778
2 0.1984375 0.8430555555555556 0.022916666666666665 0.041666666666666664
2 0.03984375 0.8027777777777778 0.018229166666666668 0.02962962962962963
2 0.2765625 0.5083333333333333 0.021875 0.05555555555555555
2 0.19661458333333334 0.512962962962963 0.024479166666666666 0.053703703703703705
2 0.8510416666666667 0.7875 0.01875 0.03611111111111111
2 0.9544270833333334 0.7444444444444445 0.019270833333333334 0.027777777777777776
2 0.79453125 0.4810185185185185 0.016145833333333335 0.030555555555555555
2 0.7234375 0.4513888888888889 0.014583333333333334 0.032407407407407406
2 0.68984375 0.39490740740740743 0.011979166666666667 0.026851851851851852
2 0.7276041666666667 0.38333333333333336 0.0125 0.027777777777777776
2 0.75859375 0.42083333333333334 0.011979166666666667 0.028703703703703703
2 0.35208333333333336 0.34305555555555556 0.013541666666666667 0.030555555555555555
2 0.5057291666666667 0.19027777777777777 0.00625 0.01574074074074074
2 0.5450520833333333 0.24953703703703703 0.0078125 0.01574074074074074
2 0.6296875 0.2564814814814815 0.007291666666666667 0.018518518518518517
2 0.24296875 0.2162037037037037 0.0067708333333333336 0.012037037037037037
3 0.44088541666666664 0.16342592592592592 0.0067708333333333336 0.04351851851851852
3 0.5622395833333333 0.16620370370370371 0.0078125 0.04351851851851852
1 0.24348958333333334 0.43148148148148147 0.022395833333333334 0.025925925925925925