2 0.19791666666666666 0.8439814814814814 0.021875 0.03611111111111111
2 0.03984375 0.8046296296296296 0.021354166666666667 0.02962962962962963
2 0.1953125 0.5111111111111111 0.025 0.05
2 0.27708333333333335 0.5087962962962963 0.023958333333333335 0.05462962962962963
2 0.35234375 0.3421296296296296 0.0140625 0.032407407407407406
2 0.29765625 0.3476851851851852 0.015104166666666667 0.032407407407407406
2 0.7221354166666667 0.44722222222222224 0.013020833333333334 0.02962962962962963
2 0.79375 0.4759259259259259 0.015625 0.03148148148148148
2 0.68984375 0.39305555555555555 0.0140625 0.026851851851851852
2 0.85078125 0.7870370370370371 0.022395833333333334 0.03518518518518519
2 0.9552083333333333 0.7467592592592592 0.016666666666666666 0.026851851851851852
2 0.75703125 0.41944444444444445 0.011979166666666667 0.025925925925925925
2 0.7283854166666667 0.38333333333333336 0.011979166666666667 0.025925925925925925
2 0.5447916666666667 0.24861111111111112 0.009375 0.017592592592592594
2 0.6307291666666667 0.2569444444444444 0.008333333333333333 0.017592592592592594
2 0.50703125 0.18935185185185185 0.008854166666666666 0.017592592592592594
2 0.24192708333333332 0.21712962962962962 0.009895833333333333 0.01574074074074074
3 0.43984375 0.16018518518518518 0.0109375 0.046296296296296294
3 0.5627604166666667 0.1675925925925926 0.009895833333333333 0.040740740740740744
1 0.93203125 0.7925925925925926 0.033854166666666664 0.04259259259259259