1 0.92265625 0.7689814814814815 0.0296875 0.03425925925925926
2 0.9528645833333333 0.7449074074074075 0.016145833333333335 0.023148148148148147
2 0.85078125 0.787962962962963 0.019270833333333334 0.025925925925925925
2 0.19765625 0.8425925925925926 0.022395833333333334 0.03518518518518519
2 0.03828125 0.8041666666666667 0.019270833333333334 0.028703703703703703
2 0.2755208333333333 0.5101851851851852 0.025 0.05185185185185185
2 0.19635416666666666 0.5138888888888888 0.027083333333333334 0.05
2 0.7927083333333333 0.48009259259259257 0.017708333333333333 0.028703703703703703
2 0.71953125 0.449537037037037 0.0171875 0.028703703703703703
2 0.7575520833333333 0.42268518518518516 0.013020833333333334 0.025
2 0.7276041666666667 0.3824074074074074 0.011458333333333333 0.022222222222222223
2 0.6869791666666667 0.39490740740740743 0.014583333333333334 0.023148148148148147
2 0.3528645833333333 0.3435185185185185 0.019270833333333334 0.03333333333333333
2 0.2953125 0.34953703703703703 0.017708333333333333 0.03425925925925926
2 0.6276041666666666 0.25601851851851853 0.008333333333333333 0.012037037037037037
2 0.5434895833333333 0.24861111111111112 0.0078125 0.013888888888888888
2 0.24244791666666668 0.21574074074074073 0.005729166666666666 0.012962962962962963
2 0.5057291666666667 0.19074074074074074 0.00625 0.012962962962962963
3 0.5619791666666667 0.1685185185185185 0.007291666666666667 0.037037037037037035
3 0.44036458333333334 0.16296296296296298 0.005729166666666666 0.03888888888888889