2 0.95390625 0.7449074074074075 0.016145833333333335 0.023148148148148147
2 0.85078125 0.7888888888888889 0.0203125 0.027777777777777776
2 0.19817708333333334 0.8430555555555556 0.025520833333333333 0.032407407407407406
2 0.039322916666666666 0.8046296296296296 0.021354166666666667 0.025925925925925925
2 0.2755208333333333 0.5106481481481482 0.025 0.05277777777777778
2 0.1953125 0.5143518518518518 0.028125 0.05092592592592592
2 0.7919270833333333 0.48009259259259257 0.018229166666666668 0.030555555555555555
2 0.7578125 0.42314814814814816 0.013541666666666667 0.025925925925925925
2 0.71953125 0.449537037037037 0.018229166666666668 0.028703703703703703
2 0.2953125 0.3490740740740741 0.017708333333333333 0.03333333333333333
2 0.3528645833333333 0.34444444444444444 0.019270833333333334 0.03333333333333333
2 0.728125 0.38287037037037036 0.011458333333333333 0.026851851851851852
2 0.6869791666666667 0.3958333333333333 0.014583333333333334 0.025
2 0.6278645833333333 0.2550925925925926 0.008854166666666666 0.01574074074074074
2 0.24244791666666668 0.21574074074074073 0.0067708333333333336 0.012962962962962963
2 0.5434895833333333 0.24953703703703703 0.0067708333333333336 0.012037037037037037
2 0.5057291666666667 0.18981481481481483 0.005208333333333333 0.012962962962962963
0 0.53359375 0.21342592592592594 0.0265625 0.06759259259259259
1 0.5479166666666667 0.24444444444444444 0.005208333333333333 0.009259259259259259
3 0.5606770833333333 0.16805555555555557 0.005729166666666666 0.03611111111111111
3 0.44036458333333334 0.16296296296296298 0.0046875 0.037037037037037035