2 0.19921875 0.8439814814814814 0.024479166666666666 0.03611111111111111
2 0.04505208333333333 0.8069444444444445 0.022395833333333334 0.032407407407407406
2 0.275 0.5092592592592593 0.027083333333333334 0.05740740740740741
2 0.19192708333333333 0.5148148148148148 0.0234375 0.05
2 0.8520833333333333 0.7875 0.021875 0.030555555555555555
2 0.9549479166666667 0.7486111111111111 0.018229166666666668 0.028703703703703703
2 0.7916666666666666 0.4787037037037037 0.016666666666666666 0.03148148148148148
2 0.7197916666666667 0.44351851851851853 0.015625 0.03148148148148148
2 0.6885416666666667 0.3925925925925926 0.013541666666666667 0.03148148148148148
2 0.7575520833333333 0.4222222222222222 0.0140625 0.025925925925925925
2 0.353125 0.3435185185185185 0.014583333333333334 0.037037037037037035
2 0.29713541666666665 0.3490740740740741 0.016145833333333335 0.03518518518518519
2 0.72421875 0.37916666666666665 0.0109375 0.025
2 0.5440104166666667 0.24953703703703703 0.009895833333333333 0.021296296296296296
2 0.6296875 0.25601851851851853 0.010416666666666666 0.01574074074074074
2 0.5057291666666667 0.1912037037037037 0.007291666666666667 0.017592592592592594
2 0.24244791666666668 0.21666666666666667 0.0067708333333333336 0.014814814814814815
3 0.4395833333333333 0.16435185185185186 0.014583333333333334 0.041666666666666664
3 0.5619791666666667 0.16666666666666666 0.011458333333333333 0.044444444444444446
0 0.19427083333333334 0.43194444444444446 0.08958333333333333 0.1398148148148148
1 0.20703125 0.4773148148148148 0.022395833333333334 0.041666666666666664