2 0.19791666666666666 0.8430555555555556 0.023958333333333335 0.030555555555555555
2 0.0390625 0.8046296296296296 0.020833333333333332 0.025925925925925925
2 0.2747395833333333 0.5106481481481482 0.024479166666666666 0.05277777777777778
2 0.19557291666666668 0.5143518518518518 0.027604166666666666 0.05277777777777778
2 0.35260416666666666 0.34444444444444444 0.01875 0.03333333333333333
2 0.2950520833333333 0.3486111111111111 0.0171875 0.032407407407407406
2 0.2421875 0.2162037037037037 0.00625 0.012037037037037037
2 0.85 0.788425925925926 0.019791666666666666 0.026851851851851852
2 0.9533854166666667 0.7449074074074075 0.016145833333333335 0.021296296296296296
2 0.79296875 0.4810185185185185 0.0171875 0.030555555555555555
2 0.7572916666666667 0.42314814814814816 0.013541666666666667 0.027777777777777776
2 0.71953125 0.449537037037037 0.0171875 0.028703703703703703
2 0.7276041666666667 0.3819444444444444 0.0125 0.023148148148148147
2 0.6864583333333333 0.39537037037037037 0.013541666666666667 0.024074074074074074
2 0.6278645833333333 0.25601851851851853 0.008854166666666666 0.012037037037037037
2 0.54375 0.24861111111111112 0.007291666666666667 0.013888888888888888
2 0.50546875 0.18935185185185185 0.005729166666666666 0.013888888888888888
1 0.93046875 0.7583333333333333 0.028645833333333332 0.03333333333333333
3 0.5611979166666666 0.16805555555555557 0.0067708333333333336 0.03796296296296296
3 0.44036458333333334 0.16342592592592592 0.0046875 0.03796296296296296