2 0.9536458333333333 0.7453703703703703 0.017708333333333333 0.024074074074074074
2 0.8505208333333333 0.7875 0.019791666666666666 0.026851851851851852
2 0.19791666666666666 0.8425925925925926 0.023958333333333335 0.03333333333333333
2 0.03958333333333333 0.8037037037037037 0.021875 0.025925925925925925
2 0.2752604166666667 0.5106481481481482 0.025520833333333333 0.05277777777777778
2 0.19583333333333333 0.512962962962963 0.027083333333333334 0.05
2 0.7924479166666667 0.48055555555555557 0.0171875 0.02962962962962963
2 0.71953125 0.449537037037037 0.0171875 0.028703703703703703
2 0.7575520833333333 0.42268518518518516 0.0140625 0.026851851851851852
2 0.7294270833333333 0.3902777777777778 0.013020833333333334 0.019444444444444445
2 0.6869791666666667 0.39490740740740743 0.014583333333333334 0.023148148148148147
2 0.353125 0.3435185185185185 0.01875 0.03333333333333333
2 0.29661458333333335 0.3486111111111111 0.0171875 0.032407407407407406
2 0.6278645833333333 0.2564814814814815 0.008854166666666666 0.012962962962962963
2 0.5432291666666667 0.24814814814814815 0.008333333333333333 0.014814814814814815
2 0.24244791666666668 0.21574074074074073 0.0067708333333333336 0.012962962962962963
2 0.5057291666666667 0.18935185185185185 0.00625 0.013888888888888888
0 0.2765625 0.3277777777777778 0.05416666666666667 0.12407407407407407
3 0.44036458333333334 0.16435185185185186 0.0046875 0.03611111111111111
3 0.5614583333333333 0.1675925925925926 0.007291666666666667 0.037037037037037035