2 0.19973958333333333 0.8444444444444444 0.027604166666666666 0.03518518518518519
2 0.0453125 0.8092592592592592 0.021875 0.03888888888888889
2 0.2755208333333333 0.5092592592592593 0.027083333333333334 0.05740740740740741
2 0.19505208333333332 0.5148148148148148 0.027604166666666666 0.05185185185185185
2 0.85234375 0.788425925925926 0.021354166666666667 0.032407407407407406
2 0.9546875 0.7472222222222222 0.017708333333333333 0.025925925925925925
2 0.7932291666666667 0.48055555555555557 0.016666666666666666 0.03148148148148148
2 0.71953125 0.44166666666666665 0.015104166666666667 0.03148148148148148
2 0.68828125 0.3925925925925926 0.016145833333333335 0.027777777777777776
2 0.35234375 0.3439814814814815 0.015104166666666667 0.03611111111111111
2 0.29739583333333336 0.34814814814814815 0.014583333333333334 0.03333333333333333
2 0.7583333333333333 0.4217592592592593 0.013541666666666667 0.026851851851851852
2 0.72421875 0.38101851851851853 0.011979166666666667 0.026851851851851852
2 0.5442708333333334 0.25092592592592594 0.010416666666666666 0.016666666666666666
2 0.6296875 0.2564814814814815 0.009375 0.014814814814814815
2 0.5059895833333333 0.19027777777777777 0.0067708333333333336 0.01574074074074074
2 0.24270833333333333 0.21666666666666667 0.009375 0.014814814814814815
3 0.4401041666666667 0.16435185185185186 0.008333333333333333 0.041666666666666664
3 0.5627604166666667 0.16620370370370371 0.0109375 0.04537037037037037
0 0.59296875 0.1824074074074074 0.016145833333333335 0.053703703703703705
1 0.5877604166666667 0.19814814814814816 0.0067708333333333336 0.011111111111111112