2 0.9526041666666667 0.7462962962962963 0.016666666666666666 0.022222222222222223
2 0.8505208333333333 0.7888888888888889 0.019791666666666666 0.027777777777777776
2 0.19817708333333334 0.8425925925925926 0.024479166666666666 0.03148148148148148
2 0.04453125 0.8074074074074075 0.021354166666666667 0.025925925925925925
2 0.2752604166666667 0.5115740740740741 0.025520833333333333 0.05277777777777778
2 0.19505208333333332 0.5152777777777777 0.024479166666666666 0.049074074074074076
2 0.7921875 0.48055555555555557 0.017708333333333333 0.02962962962962963
2 0.7572916666666667 0.4222222222222222 0.013541666666666667 0.025925925925925925
2 0.71953125 0.44907407407407407 0.018229166666666668 0.02962962962962963
2 0.7260416666666667 0.3814814814814815 0.016666666666666666 0.027777777777777776
2 0.68671875 0.39444444444444443 0.015104166666666667 0.025925925925925925
2 0.353125 0.3435185185185185 0.01875 0.03333333333333333
2 0.29583333333333334 0.3490740740740741 0.017708333333333333 0.03333333333333333
2 0.6278645833333333 0.25601851851851853 0.008854166666666666 0.012037037037037037
2 0.5432291666666667 0.24861111111111112 0.007291666666666667 0.013888888888888888
2 0.2421875 0.2162037037037037 0.00625 0.012037037037037037
2 0.5057291666666667 0.19027777777777777 0.005208333333333333 0.013888888888888888
3 0.5614583333333333 0.16805555555555557 0.00625 0.03796296296296296
3 0.4401041666666667 0.16435185185185186 0.00625 0.03611111111111111