2 0.196875 0.5115740740740741 0.027083333333333334 0.05092592592592592
2 0.27682291666666664 0.5087962962962963 0.027604166666666666 0.058333333333333334
2 0.8515625 0.788425925925926 0.020833333333333332 0.03425925925925926
2 0.9541666666666667 0.7458333333333333 0.01875 0.030555555555555555
2 0.2 0.8462962962962963 0.027083333333333334 0.03518518518518519
2 0.04088541666666667 0.8069444444444445 0.0234375 0.032407407407407406
2 0.79296875 0.4791666666666667 0.018229166666666668 0.032407407407407406
2 0.7213541666666666 0.44907407407407407 0.019791666666666666 0.03333333333333333
2 0.35208333333333336 0.3435185185185185 0.014583333333333334 0.037037037037037035
2 0.29739583333333336 0.3486111111111111 0.014583333333333334 0.03611111111111111
2 0.7575520833333333 0.4217592592592593 0.011979166666666667 0.026851851851851852
2 0.7283854166666667 0.38101851851851853 0.0140625 0.026851851851851852
2 0.6901041666666666 0.39444444444444443 0.013541666666666667 0.02962962962962963
2 0.5450520833333333 0.25 0.0078125 0.014814814814814815
2 0.63046875 0.25555555555555554 0.008854166666666666 0.016666666666666666
2 0.24270833333333333 0.2175925925925926 0.007291666666666667 0.014814814814814815
0 0.509375 0.18287037037037038 0.019791666666666666 0.05462962962962963
3 0.43984375 0.16296296296296298 0.011979166666666667 0.044444444444444446
3 0.5619791666666667 0.1685185185185185 0.008333333333333333 0.044444444444444446