2 0.19895833333333332 0.8449074074074074 0.025 0.03796296296296296
2 0.045572916666666664 0.8092592592592592 0.0234375 0.03148148148148148
2 0.27447916666666666 0.5115740740740741 0.025 0.05648148148148148
2 0.19296875 0.5120370370370371 0.0265625 0.05740740740740741
2 0.35208333333333336 0.3416666666666667 0.013541666666666667 0.03888888888888889
2 0.29713541666666665 0.3486111111111111 0.016145833333333335 0.03611111111111111
2 0.8513020833333333 0.787962962962963 0.0203125 0.03888888888888889
2 0.9549479166666667 0.7467592592592592 0.018229166666666668 0.032407407407407406
2 0.7916666666666666 0.48055555555555557 0.016666666666666666 0.02962962962962963
2 0.7208333333333333 0.44814814814814813 0.017708333333333333 0.02962962962962963
2 0.690625 0.3939814814814815 0.0125 0.028703703703703703
2 0.7236979166666667 0.37777777777777777 0.011979166666666667 0.025925925925925925
2 0.7578125 0.4222222222222222 0.013541666666666667 0.027777777777777776
2 0.5434895833333333 0.24814814814814815 0.008854166666666666 0.016666666666666666
2 0.6302083333333334 0.2564814814814815 0.008333333333333333 0.018518518518518517
2 0.24348958333333334 0.21666666666666667 0.0078125 0.014814814814814815
2 0.5057291666666667 0.19074074074074074 0.00625 0.014814814814814815
3 0.440625 0.16296296296296298 0.009375 0.044444444444444446
3 0.5622395833333333 0.16898148148148148 0.0078125 0.04351851851851852