2 0.19791666666666666 0.8425925925925926 0.023958333333333335 0.03148148148148148
2 0.039322916666666666 0.8041666666666667 0.021354166666666667 0.026851851851851852
2 0.95390625 0.7453703703703703 0.016145833333333335 0.022222222222222223
2 0.85078125 0.7893518518518519 0.0203125 0.026851851851851852
2 0.79296875 0.47962962962962963 0.0171875 0.02962962962962963
2 0.7197916666666667 0.44907407407407407 0.017708333333333333 0.027777777777777776
2 0.75703125 0.4217592592592593 0.013020833333333334 0.026851851851851852
2 0.7270833333333333 0.3814814814814815 0.011458333333333333 0.022222222222222223
2 0.6869791666666667 0.39490740740740743 0.014583333333333334 0.023148148148148147
2 0.2752604166666667 0.5111111111111111 0.025520833333333333 0.05185185185185185
2 0.19583333333333333 0.5138888888888888 0.027083333333333334 0.05185185185185185
2 0.35260416666666666 0.3439814814814815 0.019791666666666666 0.03425925925925926
2 0.2953125 0.34814814814814815 0.017708333333333333 0.03333333333333333
2 0.2421875 0.21574074074074073 0.00625 0.012962962962962963
2 0.6278645833333333 0.2564814814814815 0.008854166666666666 0.012962962962962963
2 0.5434895833333333 0.24814814814814815 0.0078125 0.014814814814814815
2 0.50546875 0.19027777777777777 0.0067708333333333336 0.013888888888888888
1 0.8752604166666667 0.6032407407407407 0.022395833333333334 0.032407407407407406
0 0.9361979166666666 0.5814814814814815 0.12135416666666667 0.2222222222222222
3 0.5611979166666666 0.16805555555555557 0.0067708333333333336 0.03611111111111111
3 0.440625 0.16342592592592592 0.005208333333333333 0.03796296296296296