2 0.04635416666666667 0.0824074074074074 0.007291666666666667 0.014814814814814815
2 0.03854166666666667 0.08703703703703704 0.00625 0.014814814814814815
2 0.018489583333333334 0.08425925925925926 0.005729166666666666 0.014814814814814815
2 0.008072916666666667 0.08518518518518518 0.005729166666666666 0.012962962962962963
2 0.07239583333333334 0.08287037037037037 0.00625 0.01574074074074074
0 0.82109375 0.4111111111111111 0.14739583333333334 0.3814814814814815
0 0.7018229166666666 0.04861111111111111 0.0328125 0.09722222222222222
0 0.13307291666666668 0.05324074074074074 0.03802083333333333 0.10648148148148148
0 0.33567708333333335 0.038425925925925926 0.021354166666666667 0.07685185185185185
1 0.7390625 0.4111111111111111 0.027083333333333334 0.04259259259259259
1 0.7919270833333333 0.08888888888888889 0.008854166666666666 0.014814814814814815