2 0.071875 0.07916666666666666 0.00625 0.013888888888888888
2 0.0453125 0.07916666666666666 0.007291666666666667 0.013888888888888888
2 0.0375 0.08425925925925926 0.00625 0.014814814814814815
2 0.0171875 0.07962962962962963 0.00625 0.012962962962962963
2 0.008072916666666667 0.08518518518518518 0.005729166666666666 0.012962962962962963
0 0.45078125 0.3087962962962963 0.10052083333333334 0.2953703703703704
0 0.20338541666666668 0.04212962962962963 0.021354166666666667 0.08425925925925926
0 0.18880208333333334 0.04351851851851852 0.0234375 0.08703703703703704
0 0.16276041666666666 0.04490740740740741 0.028645833333333332 0.08981481481481482
1 0.7268229166666667 0.12175925925925926 0.009895833333333333 0.017592592592592594
1 0.6010416666666667 0.12129629629629629 0.010416666666666666 0.018518518518518517
1 0.35963541666666665 0.07731481481481481 0.0067708333333333336 0.012037037037037037
1 0.35130208333333335 0.09212962962962963 0.0078125 0.017592592592592594