2 0.07161458333333333 0.0824074074074074 0.0067708333333333336 0.012962962962962963
2 0.045572916666666664 0.08101851851851852 0.0067708333333333336 0.01574074074074074
2 0.03802083333333333 0.08796296296296297 0.005208333333333333 0.014814814814814815
2 0.0171875 0.07962962962962963 0.00625 0.012962962962962963
2 0.008072916666666667 0.08518518518518518 0.005729166666666666 0.012962962962962963
0 0.9239583333333333 0.375 0.14270833333333333 0.35185185185185186
0 0.7776041666666667 0.049074074074074076 0.022916666666666665 0.09814814814814815
0 0.309375 0.03657407407407407 0.022916666666666665 0.07314814814814814
0 0.09921875 0.05185185185185185 0.0359375 0.1037037037037037
1 0.8994791666666667 0.5115740740740741 0.041666666666666664 0.04537037037037037
1 0.73984375 0.4101851851851852 0.025520833333333333 0.040740740740740744
1 0.7916666666666666 0.08888888888888889 0.008333333333333333 0.014814814814814815