2 0.03802083333333333 0.08611111111111111 0.00625 0.014814814814814815
2 0.017708333333333333 0.08148148148148149 0.00625 0.012962962962962963
2 0.009375 0.08796296296296297 0.00625 0.014814814814814815
2 0.046875 0.0824074074074074 0.00625 0.014814814814814815
2 0.07239583333333334 0.08287037037037037 0.005208333333333333 0.013888888888888888
0 0.7731770833333333 0.3314814814814815 0.0859375 0.3351851851851852
0 0.46328125 0.060648148148148145 0.022395833333333334 0.1175925925925926
0 0.5075520833333333 0.053703703703703705 0.0234375 0.10740740740740741
0 0.09036458333333333 0.07361111111111111 0.04739583333333333 0.11944444444444445
1 0.6893229166666667 0.1037037037037037 0.008854166666666666 0.014814814814814815
1 0.6364583333333333 0.08611111111111111 0.010416666666666666 0.012962962962962963
1 0.3614583333333333 0.06759259259259259 0.00625 0.011111111111111112