2 0.071875 0.07916666666666666 0.00625 0.013888888888888888
2 0.0453125 0.07916666666666666 0.007291666666666667 0.013888888888888888
2 0.0375 0.08425925925925926 0.00625 0.014814814814814815
2 0.0171875 0.07962962962962963 0.00625 0.012962962962962963
2 0.008072916666666667 0.08518518518518518 0.005729166666666666 0.012962962962962963
0 0.8815104166666666 0.37037037037037035 0.14947916666666666 0.4148148148148148
0 0.3450520833333333 0.03518518518518519 0.015104166666666667 0.07037037037037037
0 0.20755208333333333 0.04027777777777778 0.024479166666666666 0.08055555555555556
0 0.16640625 0.050462962962962966 0.0265625 0.10092592592592593
0 0.1109375 0.05740740740740741 0.026041666666666668 0.1037037037037037
1 0.7268229166666667 0.12175925925925926 0.009895833333333333 0.017592592592592594
1 0.5911458333333334 0.11712962962962963 0.009375 0.01574074074074074
1 0.3848958333333333 0.09537037037037037 0.010416666666666666 0.018518518518518517
1 0.18645833333333334 0.12685185185185185 0.010416666666666666 0.018518518518518517
1 0.36484375 0.07453703703703704 0.0067708333333333336 0.012037037037037037
1 0.359375 0.07777777777777778 0.00625 0.012962962962962963