2 0.071875 0.07916666666666666 0.00625 0.013888888888888888
2 0.0453125 0.07916666666666666 0.007291666666666667 0.013888888888888888
2 0.0375 0.08425925925925926 0.00625 0.014814814814814815
2 0.0171875 0.07962962962962963 0.00625 0.012962962962962963
2 0.008072916666666667 0.08518518518518518 0.005729166666666666 0.012962962962962963
0 0.5221354166666666 0.2967592592592593 0.09427083333333333 0.3175925925925926
0 0.09244791666666667 0.05648148148148148 0.027604166666666666 0.1037037037037037
0 0.12421875 0.05787037037037037 0.027604166666666666 0.09166666666666666
0 0.19192708333333333 0.04675925925925926 0.0265625 0.08425925925925926
1 0.7268229166666667 0.12222222222222222 0.0109375 0.018518518518518517
1 0.5911458333333334 0.1175925925925926 0.009375 0.016666666666666666
1 0.18645833333333334 0.12685185185185185 0.010416666666666666 0.016666666666666666
1 0.4088541666666667 0.08935185185185185 0.007291666666666667 0.013888888888888888
1 0.35963541666666665 0.07731481481481481 0.0067708333333333336 0.012037037037037037