2 0.04921875 0.075 0.005729166666666666 0.014814814814814815
2 0.021875 0.07453703703703704 0.00625 0.012037037037037037
2 0.013541666666666667 0.08009259259259259 0.00625 0.013888888888888888
0 0.3234375 0.33611111111111114 0.11354166666666667 0.4185185185185185
0 0.3078125 0.047685185185185185 0.022916666666666665 0.09537037037037037
1 0.33645833333333336 0.06851851851851852 0.007291666666666667 0.012962962962962963
1 0.4552083333333333 0.0712962962962963 0.007291666666666667 0.012962962962962963
1 0.47994791666666664 0.09212962962962963 0.009895833333333333 0.01574074074074074
1 0.5942708333333333 0.05648148148148148 0.007291666666666667 0.012962962962962963
1 0.5903645833333333 0.09166666666666666 0.009895833333333333 0.016666666666666666
1 0.6606770833333333 0.05 0.0067708333333333336 0.011111111111111112