2 0.0453125 0.07916666666666666 0.007291666666666667 0.013888888888888888
2 0.0375 0.08425925925925926 0.00625 0.014814814814814815
2 0.0171875 0.07962962962962963 0.00625 0.012962962962962963
2 0.008072916666666667 0.08518518518518518 0.005729166666666666 0.012962962962962963
0 0.8372395833333334 0.11203703703703703 0.0546875 0.17037037037037037
0 0.64296875 0.06435185185185185 0.0390625 0.1287037037037037
0 0.171875 0.059722222222222225 0.03125 0.11018518518518519
0 0.084375 0.08009259259259259 0.04583333333333333 0.125
0 0.05546875 0.07407407407407407 0.043229166666666666 0.12407407407407407
0 0.3450520833333333 0.040740740740740744 0.0171875 0.08148148148148149
1 0.7270833333333333 0.12222222222222222 0.010416666666666666 0.018518518518518517
1 0.35572916666666665 0.07314814814814814 0.00625 0.012962962962962963
1 0.38229166666666664 0.07453703703703704 0.00625 0.012037037037037037
1 0.37395833333333334 0.07175925925925926 0.00625 0.012037037037037037