2 0.07291666666666667 0.08287037037037037 0.00625 0.012037037037037037
2 0.04635416666666667 0.0824074074074074 0.00625 0.012962962962962963
2 0.037760416666666664 0.08703703703703704 0.0067708333333333336 0.014814814814814815
2 0.01796875 0.08287037037037037 0.005729166666666666 0.012037037037037037
2 0.009114583333333334 0.08796296296296297 0.0067708333333333336 0.014814814814814815
0 0.50625 0.38287037037037036 0.11770833333333333 0.44351851851851853
0 0.20442708333333334 0.10416666666666667 0.034895833333333334 0.125
0 0.42161458333333335 0.03935185185185185 0.024479166666666666 0.0787037037037037
1 0.4276041666666667 0.38842592592592595 0.03125 0.058333333333333334
1 0.5768229166666666 0.1375 0.0109375 0.019444444444444445
1 0.8830729166666667 0.06851851851851852 0.0078125 0.012962962962962963