2 0.05911458333333333 0.08287037037037037 0.0067708333333333336 0.013888888888888888
2 0.03203125 0.0824074074074074 0.0067708333333333336 0.012962962962962963
2 0.023697916666666666 0.08796296296296297 0.0067708333333333336 0.014814814814814815
2 0.0033854166666666668 0.0837962962962963 0.005729166666666666 0.013888888888888888
0 0.2864583333333333 0.8041666666666667 0.2125 0.39166666666666666
0 0.06927083333333334 0.6078703703703704 0.15104166666666666 0.612037037037037
1 0.4041666666666667 0.4083333333333333 0.026041666666666668 0.044444444444444446
1 0.8328125 0.1597222222222222 0.0125 0.023148148148148147
1 0.7111979166666667 0.11203703703703703 0.009895833333333333 0.018518518518518517
1 0.5716145833333334 0.06898148148148148 0.005729166666666666 0.010185185185185186
1 0.5677083333333334 0.07685185185185185 0.00625 0.009259259259259259
1 0.56171875 0.06944444444444445 0.005729166666666666 0.009259259259259259
1 0.4713541666666667 0.1 0.008333333333333333 0.014814814814814815
1 0.37578125 0.06898148148148148 0.0067708333333333336 0.012037037037037037