2 0.07291666666666667 0.08287037037037037 0.00625 0.013888888888888888
2 0.04635416666666667 0.08194444444444444 0.005208333333333333 0.013888888888888888
2 0.03854166666666667 0.08796296296296297 0.007291666666666667 0.012962962962962963
2 0.017708333333333333 0.0824074074074074 0.00625 0.012962962962962963
2 0.008854166666666666 0.0875 0.00625 0.013888888888888888
1 0.29296875 0.07222222222222222 0.0067708333333333336 0.011111111111111112
1 0.3575520833333333 0.08564814814814815 0.0078125 0.013888888888888888
1 0.6877604166666667 0.075 0.0078125 0.012962962962962963
1 0.6716145833333333 0.06944444444444445 0.005729166666666666 0.012962962962962963
1 0.6325520833333333 0.062037037037037036 0.0046875 0.009259259259259259
1 0.6260416666666667 0.06018518518518518 0.005208333333333333 0.009259259259259259
1 0.62109375 0.06342592592592593 0.005729166666666666 0.010185185185185186
0 0.34921875 0.3611111111111111 0.10989583333333333 0.3962962962962963