1 0.628125 0.26851851851851855 0.020833333333333332 0.03518518518518519
1 0.20494791666666667 0.48333333333333334 0.0390625 0.06851851851851852
1 0.37447916666666664 0.08101851851851852 0.008333333333333333 0.017592592592592594
1 0.2638020833333333 0.08564814814814815 0.0078125 0.013888888888888888
0 0.07682291666666667 0.3875 0.15260416666666668 0.4638888888888889
0 0.2484375 0.04537037037037037 0.020833333333333332 0.09074074074074075
2 0.071875 0.07916666666666666 0.00625 0.013888888888888888
2 0.0453125 0.07916666666666666 0.007291666666666667 0.013888888888888888
2 0.0375 0.08425925925925926 0.00625 0.014814814814814815
2 0.0171875 0.07962962962962963 0.00625 0.012962962962962963
2 0.008072916666666667 0.08518518518518518 0.005729166666666666 0.012962962962962963