2 0.071875 0.07916666666666666 0.00625 0.013888888888888888
2 0.0453125 0.07916666666666666 0.007291666666666667 0.013888888888888888
2 0.0375 0.08425925925925926 0.00625 0.014814814814814815
2 0.0171875 0.07962962962962963 0.00625 0.012962962962962963
2 0.008072916666666667 0.08518518518518518 0.005729166666666666 0.012962962962962963
0 0.58515625 0.059722222222222225 0.04114583333333333 0.11574074074074074
0 0.34791666666666665 0.04027777777777778 0.016666666666666666 0.08055555555555556
0 0.18828125 0.05277777777777778 0.025520833333333333 0.10185185185185185
0 0.12161458333333333 0.06018518518518518 0.034895833333333334 0.10555555555555556
0 0.10026041666666667 0.0787037037037037 0.0359375 0.1259259259259259
1 0.5916666666666667 0.11851851851851852 0.010416666666666666 0.012962962962962963
1 0.7270833333333333 0.12175925925925926 0.009375 0.01574074074074074
1 0.37578125 0.07453703703703704 0.0067708333333333336 0.013888888888888888
1 0.34713541666666664 0.07407407407407407 0.005729166666666666 0.011111111111111112