2 0.071875 0.07916666666666666 0.00625 0.013888888888888888
2 0.0453125 0.07916666666666666 0.007291666666666667 0.013888888888888888
2 0.0375 0.08425925925925926 0.00625 0.014814814814814815
2 0.0171875 0.07962962962962963 0.00625 0.012962962962962963
2 0.008072916666666667 0.08518518518518518 0.005729166666666666 0.012962962962962963
0 0.76484375 0.324537037037037 0.10260416666666666 0.33055555555555555
0 0.2760416666666667 0.11527777777777778 0.042708333333333334 0.17314814814814813
0 0.6427083333333333 0.05740740740740741 0.035416666666666666 0.11481481481481481
0 0.09713541666666667 0.075 0.034895833333333334 0.12222222222222222
0 0.0546875 0.09490740740740741 0.042708333333333334 0.14166666666666666
0 0.32057291666666665 0.03287037037037037 0.0234375 0.06574074074074074
1 0.38229166666666664 0.07453703703703704 0.00625 0.012037037037037037
1 0.3768229166666667 0.06342592592592593 0.005729166666666666 0.008333333333333333
1 0.3734375 0.07175925925925926 0.00625 0.012037037037037037
1 0.32760416666666664 0.07175925925925926 0.008333333333333333 0.012037037037037037