0 0.30442708333333335 0.3472222222222222 0.11927083333333334 0.35555555555555557
0 0.1703125 0.044444444444444446 0.022916666666666665 0.08888888888888889
0 0.21510416666666668 0.0412037037037037 0.021875 0.0824074074074074
0 0.22604166666666667 0.03888888888888889 0.01875 0.07777777777777778
0 0.2375 0.038425925925925926 0.023958333333333335 0.0787037037037037
2 0.07239583333333334 0.08287037037037037 0.00625 0.01574074074074074
2 0.04635416666666667 0.08194444444444444 0.00625 0.013888888888888888
2 0.03802083333333333 0.0875 0.00625 0.01574074074074074
2 0.017447916666666667 0.08333333333333333 0.0067708333333333336 0.012962962962962963
2 0.009375 0.08888888888888889 0.005208333333333333 0.014814814814814815
1 0.34401041666666665 0.41388888888888886 0.0265625 0.044444444444444446
1 0.7234375 0.12731481481481483 0.010416666666666666 0.019444444444444445
1 0.3776041666666667 0.07407407407407407 0.007291666666666667 0.012962962962962963