1 0.14791666666666667 0.26666666666666666 0.022916666666666665 0.037037037037037035
1 0.29296875 0.07361111111111111 0.005729166666666666 0.012037037037037037
1 0.6325520833333333 0.062037037037037036 0.005729166666666666 0.011111111111111112
1 0.6268229166666667 0.060648148148148145 0.0046875 0.010185185185185186
1 0.6216145833333333 0.06342592592592593 0.005729166666666666 0.012037037037037037
2 0.07265625 0.0824074074074074 0.005729166666666666 0.014814814814814815
2 0.04635416666666667 0.08194444444444444 0.00625 0.013888888888888888
2 0.03828125 0.08796296296296297 0.005729166666666666 0.014814814814814815
2 0.018229166666666668 0.08333333333333333 0.00625 0.012962962962962963
2 0.009114583333333334 0.08796296296296297 0.005729166666666666 0.012962962962962963
0 0.3098958333333333 0.04861111111111111 0.019791666666666666 0.08981481481481482