2 0.0375 0.08425925925925926 0.00625 0.014814814814814815
2 0.0171875 0.07962962962962963 0.00625 0.012962962962962963
2 0.008072916666666667 0.08518518518518518 0.005729166666666666 0.012962962962962963
2 0.04635416666666667 0.0824074074074074 0.00625 0.012962962962962963
0 0.7106770833333333 0.32407407407407407 0.08177083333333333 0.3314814814814815
0 0.2265625 0.12314814814814815 0.05416666666666667 0.18703703703703703
0 0.6864583333333333 0.06157407407407407 0.036458333333333336 0.12314814814814815
0 0.321875 0.031018518518518518 0.021875 0.062037037037037036
0 0.09036458333333333 0.07546296296296297 0.03697916666666667 0.11944444444444445
0 0.0796875 0.08703703703703704 0.04895833333333333 0.1425925925925926
1 0.38177083333333334 0.07407407407407407 0.00625 0.012962962962962963
1 0.3768229166666667 0.06435185185185185 0.005729166666666666 0.010185185185185186
1 0.3731770833333333 0.07175925925925926 0.005729166666666666 0.012037037037037037
1 0.33958333333333335 0.06712962962962964 0.00625 0.013888888888888888