1 0.5776041666666667 0.8018518518518518 0.034375 0.06296296296296296
1 0.38619791666666664 0.736574074074074 0.0328125 0.06018518518518518
1 0.28046875 0.6851851851851852 0.028645833333333332 0.053703703703703705
1 0.3645833333333333 0.43287037037037035 0.019791666666666666 0.03425925925925926
1 0.61640625 0.4981481481481482 0.021354166666666667 0.03888888888888889
1 0.6231770833333333 0.2861111111111111 0.0140625 0.024074074074074074
0 0.16328125 0.43425925925925923 0.09114583333333333 0.1685185185185185
0 0.3046875 0.6074074074074074 0.103125 0.43333333333333335
0 0.5411458333333333 0.3490740740740741 0.06354166666666666 0.3
0 0.875 0.5138888888888888 0.11875 0.3962962962962963
0 0.6713541666666667 0.18703703703703703 0.04583333333333333 0.13148148148148148