1 0.7161458333333334 0.46805555555555556 0.021875 0.03425925925925926
1 0.6338541666666667 0.449537037037037 0.020833333333333332 0.03796296296296296
1 0.5700520833333333 0.43657407407407406 0.018229166666666668 0.030555555555555555
1 0.5265625 0.42685185185185187 0.021875 0.040740740740740744
1 0.4744791666666667 0.41574074074074074 0.017708333333333333 0.02962962962962963
1 0.4393229166666667 0.4046296296296296 0.015104166666666667 0.037037037037037035
1 0.44296875 0.1310185185185185 0.008854166666666666 0.008333333333333333
1 0.6044270833333333 0.15 0.0046875 0.011111111111111112
1 0.6278645833333333 0.1537037037037037 0.005729166666666666 0.011111111111111112
1 0.653125 0.14953703703703702 0.005208333333333333 0.012037037037037037
1 0.6635416666666667 0.15185185185185185 0.00625 0.012962962962962963