0 0.19921875 0.39305555555555555 0.06197916666666667 0.2638888888888889
1 0.4046875 0.39675925925925926 0.01875 0.026851851851851852
1 0.44921875 0.4064814814814815 0.019270833333333334 0.027777777777777776
1 0.5033854166666667 0.4212962962962963 0.018229166666666668 0.024074074074074074
1 0.5505208333333333 0.42685185185185187 0.016666666666666666 0.02962962962962963
1 0.6151041666666667 0.4462962962962963 0.015625 0.02962962962962963
1 0.690625 0.45787037037037037 0.019791666666666666 0.030555555555555555
1 0.44296875 0.13333333333333333 0.008854166666666666 0.014814814814814815
1 0.6526041666666667 0.15092592592592594 0.00625 0.011111111111111112
1 0.628125 0.15138888888888888 0.00625 0.010185185185185186
1 0.6197916666666666 0.1439814814814815 0.00625 0.010185185185185186
1 0.6041666666666666 0.1476851851851852 0.00625 0.012037037037037037