1 0.6747395833333333 0.4726851851851852 0.0171875 0.04537037037037037
1 0.5395833333333333 0.45 0.011458333333333333 0.03888888888888889
1 0.44114583333333335 0.13287037037037036 0.00625 0.012037037037037037
1 0.6520833333333333 0.15185185185185185 0.00625 0.011111111111111112
1 0.6276041666666666 0.15324074074074073 0.00625 0.010185185185185186
1 0.61875 0.14444444444444443 0.00625 0.011111111111111112
1 0.60390625 0.14907407407407408 0.0067708333333333336 0.014814814814814815
0 0.9203125 0.5930555555555556 0.13333333333333333 0.38055555555555554
0 0.6924479166666667 0.38935185185185184 0.07552083333333333 0.262037037037037
0 0.5106770833333333 0.35509259259259257 0.06510416666666667 0.2972222222222222
0 0.46822916666666664 0.1486111111111111 0.028125 0.12129629629629629
0 0.7166666666666667 0.11851851851851852 0.014583333333333334 0.08148148148148149