0 0.76953125 0.7810185185185186 0.10364583333333334 0.41388888888888886
1 0.6333333333333333 0.4449074074074074 0.01875 0.028703703703703703
1 0.5690104166666666 0.43425925925925923 0.018229166666666668 0.03148148148148148
1 0.5255208333333333 0.42268518518518516 0.019791666666666666 0.032407407407407406
1 0.47421875 0.4148148148148148 0.0171875 0.02962962962962963
1 0.4395833333333333 0.40555555555555556 0.013541666666666667 0.02962962962962963
1 0.40286458333333336 0.13425925925925927 0.005729166666666666 0.011111111111111112
1 0.44140625 0.13194444444444445 0.0078125 0.012037037037037037
1 0.6638020833333333 0.1527777777777778 0.0067708333333333336 0.011111111111111112
1 0.6546875 0.15185185185185185 0.007291666666666667 0.011111111111111112
1 0.6278645833333333 0.15185185185185185 0.005729166666666666 0.012962962962962963
1 0.6041666666666666 0.14814814814814814 0.00625 0.011111111111111112