0 0.8515625 0.7620370370370371 0.15833333333333333 0.4685185185185185
0 0.08463541666666667 0.5990740740740741 0.14322916666666666 0.4925925925925926
0 0.36015625 0.31851851851851853 0.0546875 0.2388888888888889
0 0.3302083333333333 0.21435185185185185 0.034375 0.15833333333333333
0 0.5395833333333333 0.1259259259259259 0.016666666666666666 0.06851851851851852
1 0.6861979166666666 0.8583333333333333 0.03802083333333333 0.07222222222222222
1 0.2078125 0.6930555555555555 0.034375 0.05462962962962963
1 0.40208333333333335 0.4356481481481482 0.020833333333333332 0.03611111111111111
1 0.5002604166666667 0.45787037037037037 0.021354166666666667 0.03796296296296296
1 0.6505208333333333 0.49444444444444446 0.025 0.040740740740740744
1 0.5239583333333333 0.1648148148148148 0.007291666666666667 0.012962962962962963