0 0.37447916666666664 0.3939814814814815 0.065625 0.25277777777777777
1 0.5041666666666667 0.42268518518518516 0.017708333333333333 0.03425925925925926
1 0.55 0.4305555555555556 0.01875 0.03888888888888889
1 0.6140625 0.4476851851851852 0.01875 0.03425925925925926
1 0.68984375 0.45787037037037037 0.0203125 0.03796296296296296
1 0.72421875 0.3712962962962963 0.0140625 0.02962962962962963
1 0.44192708333333336 0.13240740740740742 0.0067708333333333336 0.014814814814814815
1 0.6520833333333333 0.15138888888888888 0.00625 0.010185185185185186
1 0.628125 0.15185185185185185 0.005208333333333333 0.011111111111111112
1 0.6197916666666666 0.14305555555555555 0.005208333333333333 0.010185185185185186
1 0.6041666666666666 0.14814814814814814 0.00625 0.012962962962962963