1 0.39375 0.4074074074074074 0.016666666666666666 0.03518518518518519
1 0.5268229166666667 0.4212962962962963 0.0171875 0.02962962962962963
1 0.6213541666666667 0.43472222222222223 0.016666666666666666 0.032407407407407406
1 0.68984375 0.4587962962962963 0.0171875 0.032407407407407406
1 0.44140625 0.13240740740740742 0.0067708333333333336 0.012962962962962963
1 0.6190104166666667 0.1439814814814815 0.0067708333333333336 0.010185185185185186
1 0.60390625 0.14814814814814814 0.0067708333333333336 0.009259259259259259
1 0.6278645833333333 0.15231481481481482 0.005729166666666666 0.010185185185185186
1 0.6526041666666667 0.15092592592592594 0.00625 0.011111111111111112
0 0.3880208333333333 0.30694444444444446 0.065625 0.2657407407407407
0 0.6385416666666667 0.35324074074074074 0.06145833333333333 0.24351851851851852
0 0.78515625 0.40555555555555556 0.07239583333333334 0.26851851851851855
0 0.7640625 0.1375 0.016666666666666666 0.09907407407407408
0 0.6104166666666667 0.10601851851851851 0.014583333333333334 0.0824074074074074