1 0.40546875 0.399537037037037 0.016145833333333335 0.030555555555555555
1 0.4510416666666667 0.4097222222222222 0.015625 0.025
1 0.5033854166666667 0.4203703703703704 0.018229166666666668 0.03148148148148148
1 0.55234375 0.4310185185185185 0.0171875 0.032407407407407406
1 0.6143229166666667 0.44537037037037036 0.0171875 0.037037037037037035
1 0.6924479166666667 0.45787037037037037 0.0203125 0.03981481481481482
1 0.44244791666666666 0.13333333333333333 0.0078125 0.011111111111111112
1 0.6528645833333333 0.15138888888888888 0.005729166666666666 0.010185185185185186
1 0.61953125 0.14537037037037037 0.005729166666666666 0.011111111111111112
1 0.6283854166666667 0.1537037037037037 0.0067708333333333336 0.011111111111111112
1 0.60390625 0.1476851851851852 0.005729166666666666 0.010185185185185186
0 0.36171875 0.32546296296296295 0.0546875 0.19166666666666668