0 0.6513020833333333 0.5652777777777778 0.0640625 0.33611111111111114
1 0.5682291666666667 0.43796296296296294 0.016666666666666666 0.03148148148148148
1 0.52578125 0.425 0.016145833333333335 0.03518518518518519
1 0.47239583333333335 0.412962962962963 0.016666666666666666 0.02962962962962963
1 0.4388020833333333 0.4060185185185185 0.0140625 0.026851851851851852
1 0.44088541666666664 0.13240740740740742 0.0078125 0.014814814814814815
1 0.48072916666666665 0.16018518518518518 0.009375 0.012962962962962963
1 0.60546875 0.14907407407407408 0.005729166666666666 0.011111111111111112
1 0.6286458333333333 0.15231481481481482 0.007291666666666667 0.012037037037037037
1 0.6546875 0.15 0.008333333333333333 0.009259259259259259
1 0.6640625 0.15231481481481482 0.007291666666666667 0.010185185185185186