1 0.4390625 0.4111111111111111 0.017708333333333333 0.037037037037037035
1 0.71640625 0.4685185185185185 0.016145833333333335 0.02962962962962963
1 0.6317708333333333 0.45 0.013541666666666667 0.03333333333333333
1 0.5669270833333333 0.43657407407407406 0.016145833333333335 0.028703703703703703
1 0.5244791666666667 0.42685185185185187 0.015625 0.03148148148148148
1 0.4747395833333333 0.41064814814814815 0.013020833333333334 0.028703703703703703
1 0.44192708333333336 0.13287037037037036 0.0067708333333333336 0.013888888888888888
1 0.6640625 0.15185185185185185 0.00625 0.011111111111111112
1 0.6552083333333333 0.15046296296296297 0.00625 0.010185185185185186
1 0.62734375 0.1527777777777778 0.005729166666666666 0.011111111111111112
1 0.60390625 0.14814814814814814 0.005729166666666666 0.011111111111111112