1 0.5268229166666667 0.42824074074074076 0.0203125 0.03611111111111111
1 0.69140625 0.46064814814814814 0.024479166666666666 0.04351851851851852
1 0.5955729166666667 0.37916666666666665 0.0140625 0.032407407407407406
1 0.44192708333333336 0.13333333333333333 0.0067708333333333336 0.009259259259259259
1 0.6036458333333333 0.14907407407407408 0.005208333333333333 0.009259259259259259
1 0.6182291666666667 0.14444444444444443 0.005208333333333333 0.011111111111111112
1 0.6278645833333333 0.15231481481481482 0.0046875 0.008333333333333333
1 0.6533854166666667 0.15 0.005729166666666666 0.012962962962962963
0 0.7869791666666667 0.4111111111111111 0.07708333333333334 0.26851851851851855
0 0.6247395833333333 0.3055555555555556 0.06197916666666667 0.23148148148148148
0 0.4817708333333333 0.3175925925925926 0.05625 0.2833333333333333
0 0.6278645833333333 0.12314814814814815 0.021354166666666667 0.05
0 0.7234375 0.12824074074074074 0.016666666666666666 0.0787037037037037