1 0.19036458333333334 0.649537037037037 0.021354166666666667 0.049074074074074076
1 0.39401041666666664 0.7351851851851852 0.030729166666666665 0.06111111111111111
1 0.6127604166666667 0.48935185185185187 0.021354166666666667 0.04351851851851852
1 0.4934895833333333 0.46064814814814814 0.018229166666666668 0.03981481481481482
1 0.35442708333333334 0.4310185185185185 0.022395833333333334 0.03796296296296296
1 0.9661458333333334 0.6393518518518518 0.035416666666666666 0.04722222222222222
1 0.6598958333333333 0.1476851851851852 0.008333333333333333 0.013888888888888888
0 0.04479166666666667 0.41712962962962963 0.08541666666666667 0.3175925925925926
0 0.22838541666666667 0.5662037037037037 0.13177083333333334 0.4564814814814815
0 0.9619791666666667 0.4976851851851852 0.07395833333333333 0.3416666666666667
0 0.6700520833333333 0.1125 0.015104166666666667 0.0787037037037037