1 0.27005208333333336 0.1837962962962963 0.008854166666666666 0.01574074074074074
1 0.47317708333333336 0.41388888888888886 0.016145833333333335 0.03148148148148148
1 0.43802083333333336 0.4041666666666667 0.017708333333333333 0.032407407407407406
1 0.44036458333333334 0.16805555555555557 0.0078125 0.01574074074074074
1 0.4421875 0.1337962962962963 0.007291666666666667 0.013888888888888888
1 0.5424479166666667 0.1388888888888889 0.0078125 0.014814814814814815
1 0.6046875 0.14722222222222223 0.007291666666666667 0.012962962962962963
1 0.6283854166666667 0.15138888888888888 0.0067708333333333336 0.010185185185185186
1 0.6552083333333333 0.15092592592592594 0.00625 0.009259259259259259
1 0.6643229166666667 0.15046296296296297 0.0067708333333333336 0.010185185185185186
0 0.5169270833333334 0.42592592592592593 0.058854166666666666 0.24814814814814815