1 0.4044270833333333 0.399537037037037 0.016145833333333335 0.032407407407407406
1 0.44973958333333336 0.4083333333333333 0.015104166666666667 0.03888888888888889
1 0.5033854166666667 0.4217592592592593 0.0171875 0.03425925925925926
1 0.6145833333333334 0.44722222222222224 0.014583333333333334 0.03148148148148148
1 0.69296875 0.4601851851851852 0.0203125 0.046296296296296294
1 0.44192708333333336 0.13333333333333333 0.0067708333333333336 0.012962962962962963
1 0.6515625 0.15185185185185185 0.007291666666666667 0.011111111111111112
1 0.6190104166666667 0.1439814814814815 0.0067708333333333336 0.010185185185185186
1 0.6283854166666667 0.15231481481481482 0.0067708333333333336 0.010185185185185186
1 0.60390625 0.1476851851851852 0.005729166666666666 0.010185185185185186
0 0.18932291666666667 0.1675925925925926 0.044270833333333336 0.13148148148148148
0 0.22135416666666666 0.37824074074074077 0.06041666666666667 0.25277777777777777
0 0.34270833333333334 0.42592592592592593 0.07916666666666666 0.35185185185185186
0 0.54765625 0.36712962962962964 0.03802083333333333 0.28425925925925927