0 0.384375 0.6791666666666667 0.07604166666666666 0.3972222222222222
1 0.27057291666666666 0.1814814814814815 0.009895833333333333 0.018518518518518517
1 0.4393229166666667 0.4064814814814815 0.019270833333333334 0.03148148148148148
1 0.47291666666666665 0.41435185185185186 0.016666666666666666 0.03796296296296296
1 0.44140625 0.13240740740740742 0.005729166666666666 0.009259259259259259
1 0.4393229166666667 0.1685185185185185 0.0067708333333333336 0.014814814814814815
1 0.6638020833333333 0.15324074074074073 0.0078125 0.013888888888888888
1 0.6549479166666666 0.15092592592592594 0.0067708333333333336 0.011111111111111112
1 0.6283854166666667 0.15185185185185185 0.0067708333333333336 0.011111111111111112
1 0.6049479166666667 0.14814814814814814 0.005729166666666666 0.012962962962962963
1 0.5393229166666667 0.1375 0.005729166666666666 0.010185185185185186