1 0.40286458333333336 0.399537037037037 0.013020833333333334 0.021296296296296296
1 0.45208333333333334 0.4125 0.011458333333333333 0.03611111111111111
1 0.5044270833333333 0.42268518518518516 0.016145833333333335 0.03425925925925926
1 0.5544270833333333 0.43425925925925923 0.015104166666666667 0.025925925925925925
1 0.6145833333333334 0.44814814814814813 0.01875 0.03333333333333333
1 0.68984375 0.4625 0.0171875 0.03611111111111111
1 0.4421875 0.13287037037037036 0.009375 0.013888888888888888
1 0.6036458333333333 0.14907407407407408 0.008333333333333333 0.012962962962962963
1 0.6184895833333334 0.14305555555555555 0.005729166666666666 0.012037037037037037
1 0.6278645833333333 0.15324074074074073 0.0078125 0.013888888888888888
1 0.653125 0.15324074074074073 0.008333333333333333 0.013888888888888888
0 0.22135416666666666 0.3814814814814815 0.05625 0.2518518518518518
0 0.4236979166666667 0.3680555555555556 0.07864583333333333 0.30092592592592593
0 0.5330729166666667 0.3527777777777778 0.049479166666666664 0.25
0 0.24140625 0.16203703703703703 0.030729166666666665 0.12777777777777777