0 0.4505208333333333 0.6023148148148149 0.12083333333333333 0.4898148148148148
0 0.609375 0.275 0.06458333333333334 0.21851851851851853
0 0.75390625 0.38935185185185184 0.0734375 0.2935185185185185
0 0.5526041666666667 0.12453703703703704 0.019791666666666666 0.075
1 0.7158854166666667 0.4666666666666667 0.0203125 0.03148148148148148
1 0.5966145833333333 0.37962962962962965 0.0171875 0.027777777777777776
1 0.44166666666666665 0.13240740740740742 0.00625 0.012962962962962963
1 0.6552083333333333 0.15092592592592594 0.00625 0.009259259259259259
1 0.64453125 0.15046296296296297 0.0067708333333333336 0.006481481481481481
1 0.628125 0.15046296296296297 0.00625 0.010185185185185186
1 0.6192708333333333 0.14537037037037037 0.00625 0.011111111111111112
1 0.6036458333333333 0.14814814814814814 0.00625 0.007407407407407408