0 0.2203125 0.32685185185185184 0.04479166666666667 0.15555555555555556
0 0.23567708333333334 0.575462962962963 0.14427083333333332 0.44907407407407407
0 0.55078125 0.4361111111111111 0.06822916666666666 0.29444444444444445
0 0.1328125 0.17453703703703705 0.053125 0.1361111111111111
1 0.40651041666666665 0.39861111111111114 0.019270833333333334 0.03796296296296296
1 0.44869791666666664 0.4125 0.018229166666666668 0.041666666666666664
1 0.50546875 0.425462962962963 0.0203125 0.03425925925925926
1 0.6153645833333333 0.4486111111111111 0.0203125 0.030555555555555555
1 0.6919270833333333 0.4587962962962963 0.021354166666666667 0.03981481481481482
1 0.44192708333333336 0.13240740740740742 0.0067708333333333336 0.011111111111111112
1 0.6520833333333333 0.15185185185185185 0.007291666666666667 0.012962962962962963
1 0.6283854166666667 0.15185185185185185 0.0067708333333333336 0.011111111111111112
1 0.61953125 0.1439814814814815 0.005729166666666666 0.012037037037037037
1 0.60390625 0.1486111111111111 0.0067708333333333336 0.008333333333333333