0 0.27265625 0.6050925925925926 0.0640625 0.3472222222222222
1 0.27005208333333336 0.18009259259259258 0.011979166666666667 0.021296296296296296
1 0.43776041666666665 0.40555555555555556 0.0171875 0.02962962962962963
1 0.36666666666666664 0.18009259259259258 0.009375 0.01574074074074074
1 0.44088541666666664 0.13148148148148148 0.0067708333333333336 0.009259259259259259
1 0.43984375 0.16805555555555557 0.0067708333333333336 0.012037037037037037
1 0.53671875 0.1388888888888889 0.005729166666666666 0.011111111111111112
1 0.6640625 0.15231481481481482 0.007291666666666667 0.010185185185185186
1 0.6546875 0.15046296296296297 0.00625 0.012037037037037037
1 0.6286458333333333 0.15324074074074073 0.007291666666666667 0.012037037037037037
1 0.6046875 0.14722222222222223 0.00625 0.009259259259259259