1 0.53984375 0.41898148148148145 0.019270833333333334 0.030555555555555555
1 0.5677083333333334 0.4361111111111111 0.014583333333333334 0.02962962962962963
1 0.6322916666666667 0.44722222222222224 0.01875 0.03333333333333333
1 0.7153645833333333 0.4708333333333333 0.018229166666666668 0.03981481481481482
1 0.6625 0.375 0.013541666666666667 0.020370370370370372
1 0.4421875 0.13333333333333333 0.008333333333333333 0.012962962962962963
1 0.66484375 0.1527777777777778 0.0067708333333333336 0.012962962962962963
1 0.65546875 0.15046296296296297 0.0067708333333333336 0.013888888888888888
1 0.62890625 0.15138888888888888 0.0067708333333333336 0.012037037037037037
1 0.6044270833333333 0.1476851851851852 0.0067708333333333336 0.010185185185185186
0 0.36770833333333336 0.30833333333333335 0.078125 0.26481481481481484
0 0.8799479166666667 0.15601851851851853 0.03802083333333333 0.12685185185185185
0 0.6815104166666667 0.30972222222222223 0.03697916666666667 0.23425925925925925
0 0.5361979166666667 0.175 0.0265625 0.12222222222222222