1 0.6377604166666667 0.44722222222222224 0.0109375 0.03333333333333333
1 0.715625 0.4703703703703704 0.01875 0.03888888888888889
1 0.44166666666666665 0.13472222222222222 0.008333333333333333 0.01574074074074074
1 0.6546875 0.15 0.00625 0.011111111111111112
1 0.6458333333333334 0.15138888888888888 0.007291666666666667 0.012037037037037037
1 0.6388020833333333 0.1439814814814815 0.005729166666666666 0.012037037037037037
1 0.6286458333333333 0.15231481481481482 0.005208333333333333 0.012037037037037037
1 0.6036458333333333 0.1476851851851852 0.00625 0.010185185185185186
1 0.61796875 0.14583333333333334 0.0067708333333333336 0.012037037037037037
0 0.4984375 0.4310185185185185 0.07604166666666666 0.3861111111111111
0 0.6369791666666667 0.35324074074074074 0.053125 0.2638888888888889
0 0.7734375 0.42962962962962964 0.06770833333333333 0.26666666666666666
0 0.8713541666666667 0.15833333333333333 0.04479166666666667 0.13148148148148148
0 0.6244791666666667 0.1111111111111111 0.016666666666666666 0.07037037037037037