0 0.9625 0.8 0.07291666666666667 0.4111111111111111
1 0.7151041666666667 0.4722222222222222 0.022916666666666665 0.03518518518518519
1 0.6333333333333333 0.4462962962962963 0.01875 0.03148148148148148
1 0.5703125 0.43425925925925923 0.015625 0.025925925925925925
1 0.5260416666666666 0.4222222222222222 0.015625 0.03333333333333333
1 0.4739583333333333 0.41203703703703703 0.013541666666666667 0.025925925925925925
1 0.43828125 0.4041666666666667 0.011979166666666667 0.032407407407407406
1 0.4421875 0.13148148148148148 0.00625 0.009259259259259259
1 0.6643229166666667 0.15231481481481482 0.0067708333333333336 0.010185185185185186
1 0.6546875 0.15138888888888888 0.00625 0.010185185185185186
1 0.6276041666666666 0.15138888888888888 0.00625 0.012037037037037037
1 0.6041666666666666 0.14722222222222223 0.00625 0.011111111111111112