1 0.7567708333333333 0.7097222222222223 0.041666666666666664 0.058333333333333334
1 0.5760416666666667 0.24583333333333332 0.009375 0.017592592592592594
1 0.44166666666666665 0.13287037037037036 0.007291666666666667 0.012037037037037037
1 0.6041666666666666 0.14907407407407408 0.009375 0.012962962962962963
1 0.6184895833333334 0.14537037037037037 0.0067708333333333336 0.014814814814814815
1 0.628125 0.1537037037037037 0.00625 0.016666666666666666
1 0.6447916666666667 0.15185185185185185 0.008333333333333333 0.016666666666666666
1 0.6549479166666666 0.15092592592592594 0.0067708333333333336 0.012962962962962963
0 0.8528645833333334 0.7333333333333333 0.1765625 0.512962962962963
0 0.4473958333333333 0.8023148148148148 0.20625 0.39537037037037037
0 0.17682291666666666 0.5967592592592592 0.1421875 0.4527777777777778
0 0.5919270833333333 0.19675925925925927 0.03177083333333333 0.11944444444444445