1 0.7315104166666667 0.5587962962962963 0.0171875 0.030555555555555555
1 0.5817708333333333 0.3111111111111111 0.015625 0.024074074074074074
1 0.4421875 0.13240740740740742 0.008333333333333333 0.012962962962962963
1 0.6546875 0.15092592592592594 0.007291666666666667 0.012962962962962963
1 0.64453125 0.15185185185185185 0.005729166666666666 0.014814814814814815
1 0.628125 0.1527777777777778 0.00625 0.012962962962962963
1 0.6184895833333334 0.1449074074074074 0.0067708333333333336 0.013888888888888888
0 0.7807291666666667 0.4791666666666667 0.10208333333333333 0.36018518518518516
0 0.4 0.3875 0.06770833333333333 0.2898148148148148
0 0.45 0.6069444444444444 0.115625 0.4898148148148148
0 0.60703125 0.15138888888888888 0.019270833333333334 0.10092592592592593