1 0.63359375 0.44814814814814813 0.019270833333333334 0.03148148148148148
1 0.7153645833333333 0.46944444444444444 0.022395833333333334 0.03518518518518519
1 0.44192708333333336 0.13287037037037036 0.0067708333333333336 0.012037037037037037
1 0.6614583333333334 0.1486111111111111 0.00625 0.012037037037037037
1 0.6546875 0.15138888888888888 0.007291666666666667 0.013888888888888888
1 0.6411458333333333 0.1648148148148148 0.00625 0.011111111111111112
1 0.6276041666666666 0.15231481481481482 0.00625 0.012037037037037037
1 0.6041666666666666 0.14814814814814814 0.00625 0.007407407407407408
0 0.6046875 0.362962962962963 0.05625 0.2722222222222222
0 0.4671875 0.3333333333333333 0.057291666666666664 0.29259259259259257
0 0.6549479166666666 0.12129629629629629 0.018229166666666668 0.05185185185185185
0 0.5786458333333333 0.1111111111111111 0.015625 0.07222222222222222