0 0.7609375 0.41203703703703703 0.06770833333333333 0.25
1 0.7161458333333334 0.4666666666666667 0.015625 0.044444444444444446
1 0.6317708333333333 0.4476851851851852 0.016666666666666666 0.028703703703703703
1 0.5684895833333333 0.43472222222222223 0.019270833333333334 0.03425925925925926
1 0.5236979166666667 0.425462962962963 0.019270833333333334 0.03425925925925926
1 0.47239583333333335 0.4166666666666667 0.016666666666666666 0.03333333333333333
1 0.43828125 0.4060185185185185 0.0171875 0.028703703703703703
1 0.44140625 0.13148148148148148 0.0078125 0.012962962962962963
1 0.6645833333333333 0.15185185185185185 0.00625 0.011111111111111112
1 0.6546875 0.15092592592592594 0.007291666666666667 0.011111111111111112
1 0.628125 0.15185185185185185 0.007291666666666667 0.011111111111111112
1 0.60390625 0.14722222222222223 0.0067708333333333336 0.009259259259259259