0 0.22083333333333333 0.37824074074074077 0.05416666666666667 0.25462962962962965
0 0.29713541666666665 0.1574074074074074 0.0265625 0.12222222222222222
0 0.46119791666666665 0.324537037037037 0.059895833333333336 0.27685185185185185
0 0.5346354166666667 0.3476851851851852 0.04739583333333333 0.2601851851851852
1 0.4044270833333333 0.39861111111111114 0.016145833333333335 0.030555555555555555
1 0.5026041666666666 0.4199074074074074 0.01875 0.028703703703703703
1 0.5533854166666666 0.4361111111111111 0.015104166666666667 0.024074074074074074
1 0.6138020833333333 0.44583333333333336 0.016145833333333335 0.028703703703703703
1 0.6924479166666667 0.4597222222222222 0.019270833333333334 0.030555555555555555
1 0.44166666666666665 0.13333333333333333 0.00625 0.011111111111111112
1 0.65234375 0.15138888888888888 0.0067708333333333336 0.010185185185185186
1 0.6192708333333333 0.14351851851851852 0.00625 0.009259259259259259
1 0.6286458333333333 0.15185185185185185 0.007291666666666667 0.011111111111111112
1 0.6041666666666666 0.14722222222222223 0.00625 0.011111111111111112