2 0.03125 0.35 0.005208333333333333 0.009259259259259259
2 0.023958333333333335 0.3509259259259259 0.004166666666666667 0.009259259259259259
2 0.01875 0.3523148148148148 0.004166666666666667 0.008333333333333333
2 0.10364583333333334 0.33611111111111114 0.004166666666666667 0.009259259259259259
2 0.10026041666666667 0.34074074074074073 0.0036458333333333334 0.009259259259259259
2 0.09114583333333333 0.3337962962962963 0.004166666666666667 0.008333333333333333
2 0.084375 0.3347222222222222 0.004166666666666667 0.008333333333333333
2 0.07786458333333333 0.3365740740740741 0.0036458333333333334 0.008333333333333333
2 0.071875 0.337037037037037 0.004166666666666667 0.007407407407407408
2 0.06640625 0.3375 0.0036458333333333334 0.006481481481481481
2 0.08958333333333333 0.34120370370370373 0.004166666666666667 0.008333333333333333
2 0.08567708333333333 0.34675925925925927 0.0036458333333333334 0.008333333333333333
2 0.07526041666666666 0.3476851851851852 0.0036458333333333334 0.008333333333333333
2 0.6065104166666667 0.2652777777777778 0.0036458333333333334 0.010185185185185186
2 0.60390625 0.26296296296296295 0.0036458333333333334 0.009259259259259259
2 0.5638020833333334 0.26157407407407407 0.0036458333333333334 0.010185185185185186
2 0.5619791666666667 0.25972222222222224 0.003125 0.008333333333333333
2 0.6026041666666667 0.2833333333333333 0.004166666666666667 0.009259259259259259
2 0.5919270833333333 0.27870370370370373 0.0036458333333333334 0.009259259259259259
2 0.5830729166666667 0.2810185185185185 0.0036458333333333334 0.010185185185185186
2 0.5734375 0.2773148148148148 0.004166666666666667 0.010185185185185186
2 0.5645833333333333 0.2796296296296296 0.004166666666666667 0.011111111111111112
2 0.8377604166666667 0.30462962962962964 0.0026041666666666665 0.005555555555555556
2 0.8145833333333333 0.30694444444444446 0.003125 0.006481481481481481
2 0.9276041666666667 0.3453703703703704 0.004166666666666667 0.009259259259259259
2 0.7377604166666667 0.30277777777777776 0.0036458333333333334 0.009259259259259259
2 0.7205729166666667 0.2916666666666667 0.0036458333333333334 0.009259259259259259
2 0.66796875 0.3819444444444444 0.011979166666666667 0.028703703703703703
2 0.7497395833333333 0.5828703703703704 0.0265625 0.058333333333333334
2 0.11640625 0.33287037037037037 0.0036458333333333334 0.010185185185185186
2 0.1296875 0.32731481481481484 0.003125 0.010185185185185186
3 0.3567708333333333 0.4375 0.03333333333333333 0.19537037037037036
3 0.29192708333333334 0.525 0.049479166666666664 0.24814814814814815
0 0.053385416666666664 0.47962962962962963 0.0859375 0.17222222222222222