2 0.4356770833333333 0.0875 0.0036458333333333334 0.008333333333333333
2 0.5265625 0.11296296296296296 0.005208333333333333 0.014814814814814815
2 0.5598958333333334 0.1712962962962963 0.007291666666666667 0.012962962962962963
2 0.65 0.18796296296296297 0.009375 0.014814814814814815
2 0.6986979166666667 0.3277777777777778 0.016145833333333335 0.025925925925925925
2 0.7450520833333333 0.32222222222222224 0.013020833333333334 0.025925925925925925
2 0.728125 0.3861111111111111 0.01875 0.03148148148148148
2 0.7734375 0.36666666666666664 0.014583333333333334 0.02962962962962963
2 0.8067708333333333 0.42962962962962964 0.017708333333333333 0.03148148148148148
2 0.9541666666666667 0.737037037037037 0.017708333333333333 0.024074074074074074
2 0.8356770833333333 0.7712962962962963 0.021354166666666667 0.03148148148148148
2 0.0125 0.6930555555555555 0.020833333333333332 0.026851851851851852
2 0.14869791666666668 0.7319444444444444 0.0234375 0.032407407407407406
2 0.18125 0.4 0.026041666666666668 0.04814814814814815
2 0.25755208333333335 0.39861111111111114 0.0265625 0.05277777777777778
2 0.3541666666666667 0.24814814814814815 0.016666666666666666 0.03148148148148148
2 0.2953125 0.2518518518518518 0.017708333333333333 0.03148148148148148
3 0.46119791666666665 0.08194444444444444 0.0046875 0.03981481481481482
3 0.58828125 0.09675925925925925 0.0078125 0.03796296296296296
1 0.921875 0.7699074074074074 0.028125 0.041666666666666664
0 0.9731770833333333 0.862037037037037 0.0515625 0.06666666666666667
0 0.6854166666666667 0.2851851851851852 0.06875 0.17407407407407408
0 0.6421875 0.17083333333333334 0.03229166666666667 0.06759259259259259