1 0.30078125 0.3662037037037037 0.005729166666666666 0.008333333333333333
1 0.303125 0.37453703703703706 0.00625 0.010185185185185186
1 0.3255208333333333 0.37175925925925923 0.00625 0.012037037037037037
1 0.39453125 0.3712962962962963 0.0067708333333333336 0.011111111111111112
1 0.5927083333333333 0.3537037037037037 0.00625 0.011111111111111112
1 0.5895833333333333 0.36157407407407405 0.00625 0.010185185185185186
1 0.72265625 0.4634259259259259 0.0140625 0.023148148148148147
1 0.8513020833333333 0.4425925925925926 0.0140625 0.020370370370370372
2 0.8895833333333333 0.6504629629629629 0.023958333333333335 0.019444444444444445
2 0.9627604166666667 0.7305555555555555 0.030729166666666665 0.025925925925925925
2 0.6825520833333333 0.649074074074074 0.0203125 0.018518518518518517
2 0.7239583333333334 0.7236111111111111 0.025 0.023148148148148147
2 0.47890625 0.6518518518518519 0.0203125 0.018518518518518517
2 0.47369791666666666 0.736574074074074 0.024479166666666666 0.023148148148148147
2 0.2872395833333333 0.6458333333333334 0.016145833333333335 0.013888888888888888