2 0.29270833333333335 0.6555555555555556 0.020833333333333332 0.018518518518518517
2 0.23177083333333334 0.7449074074074075 0.027083333333333334 0.025
2 0.4739583333333333 0.736574074074074 0.025 0.023148148148148147
2 0.47890625 0.6523148148148148 0.0203125 0.019444444444444445
2 0.72421875 0.7236111111111111 0.024479166666666666 0.023148148148148147
2 0.6825520833333333 0.649537037037037 0.0203125 0.017592592592592594
2 0.8895833333333333 0.6504629629629629 0.023958333333333335 0.021296296296296296
2 0.9627604166666667 0.7314814814814815 0.03177083333333333 0.025925925925925925
1 0.8510416666666667 0.4425925925925926 0.013541666666666667 0.020370370370370372
1 0.72265625 0.46296296296296297 0.0140625 0.024074074074074074
1 0.59296875 0.3541666666666667 0.0067708333333333336 0.010185185185185186
1 0.5911458333333334 0.36203703703703705 0.00625 0.009259259259259259
1 0.39453125 0.3712962962962963 0.0067708333333333336 0.011111111111111112
1 0.3255208333333333 0.37222222222222223 0.007291666666666667 0.011111111111111112
1 0.30078125 0.3662037037037037 0.005729166666666666 0.010185185185185186
1 0.3033854166666667 0.37453703703703706 0.0067708333333333336 0.012037037037037037