2 0.29244791666666664 0.6560185185185186 0.0203125 0.019444444444444445
2 0.23151041666666666 0.7444444444444445 0.0265625 0.025925925925925925
2 0.47369791666666666 0.736574074074074 0.024479166666666666 0.025
2 0.4791666666666667 0.6527777777777778 0.020833333333333332 0.018518518518518517
2 0.7236979166666667 0.7240740740740741 0.025520833333333333 0.024074074074074074
2 0.6822916666666666 0.6486111111111111 0.019791666666666666 0.017592592592592594
2 0.8893229166666666 0.6509259259259259 0.0234375 0.018518518518518517
2 0.96328125 0.7310185185185185 0.03177083333333333 0.025
0 0.7729166666666667 0.5916666666666667 0.10208333333333333 0.3111111111111111
1 0.8036458333333333 0.7023148148148148 0.035416666666666666 0.05462962962962963
1 0.8510416666666667 0.4425925925925926 0.013541666666666667 0.020370370370370372
1 0.35208333333333336 0.37175925925925923 0.00625 0.010185185185185186
1 0.39479166666666665 0.3712962962962963 0.00625 0.011111111111111112