1 0.3033854166666667 0.375 0.0067708333333333336 0.011111111111111112
1 0.3606770833333333 0.36944444444444446 0.005729166666666666 0.011111111111111112
1 0.39479166666666665 0.37083333333333335 0.00625 0.012037037037037037
1 0.8815104166666666 0.7518518518518519 0.034895833333333334 0.053703703703703705
1 0.8513020833333333 0.4425925925925926 0.0140625 0.020370370370370372
2 0.29270833333333335 0.6560185185185186 0.020833333333333332 0.019444444444444445
2 0.23177083333333334 0.7439814814814815 0.027083333333333334 0.026851851851851852
2 0.47890625 0.6523148148148148 0.0203125 0.019444444444444445
2 0.4734375 0.736574074074074 0.023958333333333335 0.023148148148148147
2 0.7239583333333334 0.7236111111111111 0.025 0.023148148148148147
2 0.6828125 0.649537037037037 0.020833333333333332 0.017592592592592594
2 0.9669270833333333 0.7314814814814815 0.024479166666666666 0.024074074074074074
2 0.88359375 0.649537037037037 0.0109375 0.013888888888888888
0 0.9158854166666667 0.6097222222222223 0.09739583333333333 0.33611111111111114