1 0.303125 0.37453703703703706 0.00625 0.010185185185185186
1 0.34713541666666664 0.3699074074074074 0.005729166666666666 0.010185185185185186
1 0.39453125 0.37083333333333335 0.0067708333333333336 0.012037037037037037
1 0.7380208333333333 0.4930555555555556 0.016666666666666666 0.026851851851851852
1 0.8510416666666667 0.4425925925925926 0.013541666666666667 0.020370370370370372
2 0.29270833333333335 0.6555555555555556 0.020833333333333332 0.018518518518518517
2 0.23203125 0.7444444444444445 0.027604166666666666 0.027777777777777776
2 0.4734375 0.7375 0.025 0.025
2 0.47890625 0.6527777777777778 0.0203125 0.018518518518518517
2 0.6825520833333333 0.649537037037037 0.0203125 0.017592592592592594
2 0.7239583333333334 0.7236111111111111 0.025 0.025
2 0.8895833333333333 0.6504629629629629 0.022916666666666665 0.017592592592592594
0 0.93828125 0.6796296296296296 0.10260416666666666 0.4166666666666667