1 0.30104166666666665 0.3662037037037037 0.005208333333333333 0.008333333333333333
1 0.303125 0.37453703703703706 0.00625 0.010185185185185186
1 0.325 0.37222222222222223 0.00625 0.011111111111111112
1 0.39453125 0.37083333333333335 0.005729166666666666 0.010185185185185186
1 0.5924479166666666 0.3541666666666667 0.005729166666666666 0.010185185185185186
1 0.58984375 0.3611111111111111 0.005729166666666666 0.009259259259259259
1 0.72265625 0.4625 0.0140625 0.023148148148148147
1 0.8510416666666667 0.44305555555555554 0.013541666666666667 0.021296296296296296
2 0.6830729166666667 0.65 0.0203125 0.018518518518518517
2 0.72421875 0.7231481481481481 0.025520833333333333 0.024074074074074074
2 0.6002604166666666 0.5879629629629629 0.022395833333333334 0.03333333333333333
2 0.5791666666666667 0.6023148148148149 0.014583333333333334 0.03425925925925926
2 0.8856770833333333 0.65 0.016145833333333335 0.016666666666666666
2 0.9625 0.7310185185185185 0.03125 0.025