2 0.15651041666666668 0.8694444444444445 0.021354166666666667 0.03333333333333333
2 0.033854166666666664 0.8166666666666667 0.01875 0.02962962962962963
2 0.8458333333333333 0.9 0.020833333333333332 0.03333333333333333
2 0.9627604166666667 0.8643518518518518 0.0171875 0.026851851851851852
2 0.8356770833333333 0.5018518518518519 0.0203125 0.03518518518518519
2 0.7484375 0.4527777777777778 0.020833333333333332 0.03518518518518519
2 0.7997395833333333 0.41574074074074074 0.016145833333333335 0.02962962962962963
2 0.7690104166666667 0.3574074074074074 0.0140625 0.025925925925925925
2 0.7166666666666667 0.37175925925925923 0.016666666666666666 0.03425925925925926
2 0.6638020833333333 0.18611111111111112 0.0109375 0.014814814814814815
2 0.5669270833333333 0.17453703703703705 0.008854166666666666 0.01574074074074074
2 0.5315104166666667 0.1037037037037037 0.0067708333333333336 0.014814814814814815
2 0.35442708333333334 0.12407407407407407 0.0067708333333333336 0.012962962962962963
2 0.26197916666666665 0.14351851851851852 0.007291666666666667 0.012962962962962963
2 0.24375 0.5152777777777777 0.027083333333333334 0.05092592592592592
2 0.1703125 0.5111111111111111 0.029166666666666667 0.05185185185185185
2 0.34401041666666665 0.300462962962963 0.021354166666666667 0.03611111111111111
2 0.28619791666666666 0.3055555555555556 0.018229166666666668 0.037037037037037035
3 0.5971354166666667 0.07916666666666666 0.009895833333333333 0.03981481481481482
3 0.46510416666666665 0.075 0.005208333333333333 0.040740740740740744
0 0.38046875 0.10185185185185185 0.0140625 0.05740740740740741
1 0.3846354166666667 0.12453703703703704 0.005729166666666666 0.010185185185185186