3 0.59609375 0.07777777777777778 0.0067708333333333336 0.044444444444444446
3 0.46484375 0.07361111111111111 0.005729166666666666 0.041666666666666664
2 0.5315104166666667 0.10416666666666667 0.0067708333333333336 0.013888888888888888
2 0.56640625 0.17453703703703705 0.0078125 0.013888888888888888
2 0.6638020833333333 0.18518518518518517 0.008854166666666666 0.014814814814814815
2 0.7161458333333334 0.3736111111111111 0.016666666666666666 0.028703703703703703
2 0.7690104166666667 0.35833333333333334 0.016145833333333335 0.027777777777777776
2 0.80078125 0.41712962962962963 0.016145833333333335 0.030555555555555555
2 0.75 0.4527777777777778 0.019791666666666666 0.03333333333333333
2 0.8348958333333333 0.5009259259259259 0.01875 0.03518518518518519
2 0.8463541666666666 0.9009259259259259 0.027083333333333334 0.03148148148148148
2 0.9627604166666667 0.8648148148148148 0.0203125 0.03518518518518519
2 0.15442708333333333 0.8675925925925926 0.0203125 0.03518518518518519
2 0.03333333333333333 0.8166666666666667 0.019791666666666666 0.02962962962962963
2 0.26171875 0.14351851851851852 0.0078125 0.014814814814814815
2 0.3541666666666667 0.12407407407407407 0.00625 0.012962962962962963
2 0.34401041666666665 0.300462962962963 0.0234375 0.03611111111111111
2 0.28567708333333336 0.3060185185185185 0.018229166666666668 0.03611111111111111
2 0.24453125 0.5115740740740741 0.024479166666666666 0.04537037037037037
2 0.16979166666666667 0.524074074074074 0.01875 0.022222222222222223
1 0.9283854166666666 0.9351851851851852 0.03697916666666667 0.037037037037037035