2 0.8463541666666666 0.9018518518518519 0.023958333333333335 0.02962962962962963
2 0.9627604166666667 0.8629629629629629 0.019270833333333334 0.02962962962962963
2 0.8356770833333333 0.5013888888888889 0.019270833333333334 0.03796296296296296
2 0.7489583333333333 0.4532407407407407 0.01875 0.032407407407407406
2 0.8 0.41574074074074074 0.013541666666666667 0.02962962962962963
2 0.7166666666666667 0.3726851851851852 0.017708333333333333 0.028703703703703703
2 0.7690104166666667 0.3574074074074074 0.015104166666666667 0.027777777777777776
2 0.6640625 0.18564814814814815 0.009375 0.013888888888888888
2 0.5661458333333333 0.175 0.007291666666666667 0.014814814814814815
2 0.5317708333333333 0.10416666666666667 0.00625 0.013888888888888888
2 0.35442708333333334 0.12268518518518519 0.005729166666666666 0.013888888888888888
2 0.26197916666666665 0.1439814814814815 0.007291666666666667 0.012037037037037037
2 0.15572916666666667 0.8675925925925926 0.022916666666666665 0.03518518518518519
2 0.03359375 0.8166666666666667 0.018229166666666668 0.03148148148148148
2 0.34375 0.29953703703703705 0.020833333333333332 0.03611111111111111
2 0.28619791666666666 0.3060185185185185 0.018229166666666668 0.03611111111111111
2 0.24348958333333334 0.5148148148148148 0.028645833333333332 0.053703703703703705
2 0.16927083333333334 0.5101851851851852 0.028125 0.053703703703703705
1 0.6809895833333334 0.23333333333333334 0.009895833333333333 0.011111111111111112
0 0.7 0.20277777777777778 0.058333333333333334 0.11666666666666667
3 0.46432291666666664 0.07546296296296297 0.0078125 0.04351851851851852
3 0.5955729166666667 0.07824074074074074 0.008854166666666666 0.04722222222222222