2 0.9635416666666666 0.8648148148148148 0.019791666666666666 0.025925925925925925
2 0.8458333333333333 0.9018518518518519 0.021875 0.02962962962962963
2 0.8341145833333333 0.500462962962963 0.018229166666666668 0.03425925925925926
2 0.80078125 0.4166666666666667 0.015104166666666667 0.02962962962962963
2 0.7497395833333333 0.4532407407407407 0.0203125 0.032407407407407406
2 0.7690104166666667 0.3574074074074074 0.0140625 0.02962962962962963
2 0.7169270833333333 0.3736111111111111 0.015104166666666667 0.028703703703703703
2 0.6638020833333333 0.18518518518518517 0.008854166666666666 0.012962962962962963
2 0.56640625 0.17407407407407408 0.0067708333333333336 0.014814814814814815
2 0.5315104166666667 0.10277777777777777 0.0067708333333333336 0.012962962962962963
2 0.3546875 0.12407407407407407 0.00625 0.012962962962962963
2 0.26197916666666665 0.14351851851851852 0.007291666666666667 0.012962962962962963
2 0.15625 0.8699074074074075 0.020833333333333332 0.030555555555555555
2 0.03411458333333333 0.8162037037037037 0.0171875 0.030555555555555555
2 0.24296875 0.5152777777777777 0.027604166666666666 0.049074074074074076
2 0.16875 0.5097222222222222 0.026041666666666668 0.05277777777777778
2 0.34375 0.29907407407407405 0.019791666666666666 0.03518518518518519
2 0.28619791666666666 0.3050925925925926 0.019270833333333334 0.03611111111111111
3 0.5958333333333333 0.0763888888888889 0.008333333333333333 0.05092592592592592
3 0.46458333333333335 0.07407407407407407 0.004166666666666667 0.040740740740740744