2 0.8455729166666667 0.9018518518518519 0.022395833333333334 0.03518518518518519
2 0.9622395833333334 0.8652777777777778 0.018229166666666668 0.028703703703703703
2 0.83515625 0.5009259259259259 0.018229166666666668 0.03518518518518519
2 0.7502604166666667 0.45185185185185184 0.021354166666666667 0.03518518518518519
2 0.7997395833333333 0.41574074074074074 0.015104166666666667 0.02962962962962963
2 0.76875 0.3574074074074074 0.013541666666666667 0.02962962962962963
2 0.71640625 0.37222222222222223 0.015104166666666667 0.03148148148148148
2 0.6640625 0.18564814814814815 0.009375 0.013888888888888888
2 0.5666666666666667 0.17407407407407408 0.00625 0.014814814814814815
2 0.5317708333333333 0.10324074074074074 0.00625 0.01574074074074074
2 0.35442708333333334 0.12407407407407407 0.0067708333333333336 0.014814814814814815
2 0.26197916666666665 0.14583333333333334 0.00625 0.013888888888888888
2 0.15572916666666667 0.8680555555555556 0.019791666666666666 0.03425925925925926
2 0.03359375 0.8157407407407408 0.0171875 0.03148148148148148
2 0.24322916666666666 0.5152777777777777 0.028125 0.05092592592592592
2 0.16927083333333334 0.5111111111111111 0.028125 0.05
2 0.34375 0.300462962962963 0.020833333333333332 0.03425925925925926
2 0.2859375 0.3055555555555556 0.01875 0.03518518518518519
1 0.9377604166666667 0.8981481481481481 0.034895833333333334 0.037037037037037035
3 0.5963541666666666 0.07916666666666666 0.00625 0.03981481481481482
3 0.46536458333333336 0.07268518518518519 0.0046875 0.041666666666666664