2 0.8450520833333334 0.9027777777777778 0.0234375 0.03518518518518519
2 0.9619791666666667 0.8652777777777778 0.019791666666666666 0.025
2 0.83515625 0.500462962962963 0.019270833333333334 0.03425925925925926
2 0.7994791666666666 0.4162037037037037 0.015625 0.030555555555555555
2 0.74921875 0.4537037037037037 0.0203125 0.03333333333333333
2 0.7684895833333333 0.35833333333333334 0.015104166666666667 0.027777777777777776
2 0.7166666666666667 0.3731481481481482 0.016666666666666666 0.02962962962962963
2 0.6638020833333333 0.18564814814814815 0.008854166666666666 0.013888888888888888
2 0.5661458333333333 0.17453703703703705 0.008333333333333333 0.01574074074074074
2 0.5317708333333333 0.10462962962962963 0.00625 0.014814814814814815
2 0.35494791666666664 0.12361111111111112 0.005729166666666666 0.013888888888888888
2 0.26171875 0.14305555555555555 0.0078125 0.013888888888888888
2 0.15625 0.8726851851851852 0.023958333333333335 0.03981481481481482
2 0.03463541666666667 0.8180555555555555 0.019270833333333334 0.03981481481481482
2 0.34427083333333336 0.2986111111111111 0.021875 0.03796296296296296
2 0.28541666666666665 0.3060185185185185 0.017708333333333333 0.03981481481481482
2 0.24270833333333333 0.5152777777777777 0.027083333333333334 0.05462962962962963
2 0.16770833333333332 0.5115740740740741 0.028125 0.05277777777777778
0 0.496875 0.075 0.0125 0.04814814814814815
3 0.46432291666666664 0.07453703703703704 0.0067708333333333336 0.041666666666666664
3 0.5958333333333333 0.0787037037037037 0.008333333333333333 0.04259259259259259