2 0.9622395833333334 0.8657407407407407 0.018229166666666668 0.027777777777777776
2 0.8455729166666667 0.9018518518518519 0.022395833333333334 0.03518518518518519
2 0.8346354166666666 0.5013888888888889 0.0203125 0.032407407407407406
2 0.8 0.4166666666666667 0.016666666666666666 0.02962962962962963
2 0.7494791666666667 0.45416666666666666 0.019791666666666666 0.032407407407407406
2 0.7690104166666667 0.3574074074074074 0.0140625 0.027777777777777776
2 0.7169270833333333 0.3726851851851852 0.0171875 0.028703703703703703
2 0.5661458333333333 0.17453703703703705 0.007291666666666667 0.013888888888888888
2 0.5315104166666667 0.10324074074074074 0.0067708333333333336 0.01574074074074074
2 0.3541666666666667 0.12361111111111112 0.00625 0.013888888888888888
2 0.26223958333333336 0.14351851851851852 0.0067708333333333336 0.012962962962962963
2 0.15598958333333332 0.8708333333333333 0.022395833333333334 0.032407407407407406
2 0.034375 0.8171296296296297 0.017708333333333333 0.03425925925925926
2 0.6658854166666667 0.1875 0.005729166666666666 0.006481481481481481
2 0.24270833333333333 0.5152777777777777 0.028125 0.05092592592592592
2 0.16927083333333334 0.5111111111111111 0.028125 0.046296296296296294
2 0.34401041666666665 0.3 0.0203125 0.03333333333333333
2 0.28619791666666666 0.30648148148148147 0.0171875 0.03333333333333333
3 0.5966145833333333 0.07962962962962963 0.0067708333333333336 0.03888888888888889
3 0.46432291666666664 0.07361111111111111 0.005729166666666666 0.041666666666666664
0 0.6705729166666666 0.1648148148148148 0.0265625 0.08518518518518518
1 0.6802083333333333 0.19722222222222222 0.004166666666666667 0.009259259259259259
1 0.67421875 0.19814814814814816 0.0036458333333333334 0.009259259259259259