2 0.15546875 0.8666666666666667 0.019270833333333334 0.037037037037037035
2 0.0328125 0.8166666666666667 0.01875 0.02962962962962963
2 0.8455729166666667 0.9046296296296297 0.0234375 0.03333333333333333
2 0.9622395833333334 0.8648148148148148 0.018229166666666668 0.02962962962962963
2 0.8330729166666667 0.5013888888888889 0.0203125 0.03425925925925926
2 0.74921875 0.45185185185185184 0.019270833333333334 0.037037037037037035
2 0.8 0.41712962962962963 0.013541666666666667 0.032407407407407406
2 0.7690104166666667 0.35833333333333334 0.0140625 0.027777777777777776
2 0.7161458333333334 0.3736111111111111 0.014583333333333334 0.032407407407407406
2 0.6630208333333333 0.18472222222222223 0.010416666666666666 0.017592592592592594
2 0.5661458333333333 0.17453703703703705 0.008333333333333333 0.017592592592592594
2 0.5315104166666667 0.10416666666666667 0.0078125 0.01574074074074074
2 0.3541666666666667 0.12407407407407407 0.007291666666666667 0.012962962962962963
2 0.26197916666666665 0.14351851851851852 0.00625 0.014814814814814815
2 0.24375 0.5143518518518518 0.028125 0.05092592592592592
2 0.17005208333333333 0.5106481481481482 0.0265625 0.049074074074074076
2 0.34401041666666665 0.3 0.021354166666666667 0.03518518518518519
2 0.28567708333333336 0.3055555555555556 0.0171875 0.037037037037037035
3 0.5997395833333333 0.08009259259259259 0.011979166666666667 0.03981481481481482
3 0.4661458333333333 0.07407407407407407 0.00625 0.040740740740740744
0 0.9559895833333333 0.962037037037037 0.0890625 0.07962962962962963
1 0.9278645833333333 0.9111111111111111 0.03697916666666667 0.04259259259259259