3 0.5958333333333333 0.07824074074074074 0.007291666666666667 0.041666666666666664
3 0.465625 0.07407407407407407 0.005208333333333333 0.040740740740740744
2 0.5315104166666667 0.10416666666666667 0.005729166666666666 0.012037037037037037
2 0.35442708333333334 0.12407407407407407 0.0067708333333333336 0.012962962962962963
2 0.2625 0.1449074074074074 0.007291666666666667 0.013888888888888888
2 0.8348958333333333 0.5009259259259259 0.021875 0.03518518518518519
2 0.8 0.41712962962962963 0.016666666666666666 0.030555555555555555
2 0.74921875 0.4546296296296296 0.021354166666666667 0.03333333333333333
2 0.7677083333333333 0.3574074074074074 0.013541666666666667 0.027777777777777776
2 0.7169270833333333 0.3731481481481482 0.0171875 0.03148148148148148
2 0.6640625 0.18518518518518517 0.008333333333333333 0.014814814814814815
2 0.56640625 0.175 0.0067708333333333336 0.012962962962962963
2 0.15598958333333332 0.8685185185185185 0.0203125 0.037037037037037035
2 0.03359375 0.8166666666666667 0.022395833333333334 0.03518518518518519
2 0.9619791666666667 0.8611111111111112 0.020833333333333332 0.040740740740740744
2 0.8463541666666666 0.9037037037037037 0.020833333333333332 0.03888888888888889
2 0.24453125 0.5143518518518518 0.0265625 0.05462962962962963
2 0.16953125 0.5115740740740741 0.0296875 0.049074074074074076
2 0.34375 0.3 0.021875 0.037037037037037035
2 0.2859375 0.3060185185185185 0.017708333333333333 0.03611111111111111
1 0.5833333333333334 0.17222222222222222 0.008333333333333333 0.012962962962962963
0 0.5674479166666667 0.1361111111111111 0.043229166666666666 0.08333333333333333