2 0.84609375 0.9037037037037037 0.021354166666666667 0.03148148148148148
2 0.9625 0.8657407407407407 0.017708333333333333 0.027777777777777776
2 0.8346354166666666 0.5023148148148148 0.019270833333333334 0.03425925925925926
2 0.7494791666666667 0.4537037037037037 0.020833333333333332 0.03333333333333333
2 0.8 0.41712962962962963 0.015625 0.030555555555555555
2 0.7690104166666667 0.3578703703703704 0.015104166666666667 0.026851851851851852
2 0.7174479166666666 0.3726851851851852 0.016145833333333335 0.028703703703703703
2 0.66328125 0.18518518518518517 0.0109375 0.014814814814814815
2 0.5661458333333333 0.175 0.008333333333333333 0.014814814814814815
2 0.5317708333333333 0.1037037037037037 0.007291666666666667 0.014814814814814815
2 0.3541666666666667 0.12407407407407407 0.007291666666666667 0.014814814814814815
2 0.26171875 0.1449074074074074 0.0078125 0.013888888888888888
2 0.15677083333333333 0.8699074074074075 0.022916666666666665 0.03425925925925926
2 0.03411458333333333 0.8166666666666667 0.019270833333333334 0.027777777777777776
2 0.24348958333333334 0.5138888888888888 0.0265625 0.05185185185185185
2 0.16875 0.5097222222222222 0.029166666666666667 0.04722222222222222
2 0.34401041666666665 0.29907407407407405 0.0203125 0.03518518518518519
2 0.2859375 0.3060185185185185 0.017708333333333333 0.03611111111111111
0 0.5059895833333333 0.08425925925925926 0.016145833333333335 0.053703703703703705
1 0.503125 0.10277777777777777 0.003125 0.007407407407407408
3 0.46510416666666665 0.07407407407407407 0.005208333333333333 0.040740740740740744
3 0.5963541666666666 0.07962962962962963 0.007291666666666667 0.03888888888888889