0 0.9546875 0.9625 0.08854166666666667 0.075
1 0.9299479166666667 0.9083333333333333 0.0421875 0.037037037037037035
2 0.846875 0.9027777777777778 0.021875 0.03518518518518519
2 0.35442708333333334 0.12407407407407407 0.0067708333333333336 0.014814814814814815
2 0.26197916666666665 0.14305555555555555 0.00625 0.013888888888888888
2 0.15494791666666666 0.8662037037037037 0.022395833333333334 0.03425925925925926
2 0.03463541666666667 0.8157407407407408 0.0171875 0.03148148148148148
2 0.8346354166666666 0.5018518518518519 0.0203125 0.03333333333333333
2 0.74921875 0.4532407407407407 0.019270833333333334 0.032407407407407406
2 0.8 0.4166666666666667 0.015625 0.02962962962962963
2 0.7682291666666666 0.3578703703703704 0.015625 0.026851851851851852
2 0.7169270833333333 0.3726851851851852 0.016145833333333335 0.026851851851851852
2 0.6640625 0.18472222222222223 0.010416666666666666 0.013888888888888888
2 0.5666666666666667 0.17407407407407408 0.008333333333333333 0.016666666666666666
2 0.5315104166666667 0.10324074074074074 0.0078125 0.01574074074074074
2 0.9635416666666666 0.8652777777777778 0.017708333333333333 0.032407407407407406
2 0.24348958333333334 0.5166666666666667 0.027604166666666666 0.05185185185185185
2 0.1703125 0.5125 0.028125 0.05092592592592592
2 0.34479166666666666 0.300462962962963 0.020833333333333332 0.03425925925925926
2 0.2864583333333333 0.30694444444444446 0.017708333333333333 0.03425925925925926
3 0.5981770833333333 0.07962962962962963 0.0109375 0.04259259259259259
3 0.46588541666666666 0.07453703703703704 0.009895833333333333 0.041666666666666664