1 0.4278645833333333 0.1037037037037037 0.0046875 0.009259259259259259
3 0.46510416666666665 0.07546296296296297 0.005208333333333333 0.041666666666666664
3 0.5955729166666667 0.0787037037037037 0.0078125 0.040740740740740744
2 0.5317708333333333 0.10416666666666667 0.007291666666666667 0.01574074074074074
2 0.5669270833333333 0.17222222222222222 0.0078125 0.016666666666666666
2 0.6638020833333333 0.18518518518518517 0.009895833333333333 0.012962962962962963
2 0.7161458333333334 0.37453703703703706 0.016666666666666666 0.030555555555555555
2 0.74921875 0.4527777777777778 0.019270833333333334 0.03518518518518519
2 0.8348958333333333 0.5013888888888889 0.019791666666666666 0.03425925925925926
2 0.8 0.41759259259259257 0.014583333333333334 0.02962962962962963
2 0.76875 0.3574074074074074 0.0125 0.025925925925925925
2 0.8447916666666667 0.9009259259259259 0.022916666666666665 0.03518518518518519
2 0.96328125 0.8634259259259259 0.021354166666666667 0.032407407407407406
2 0.15494791666666666 0.8675925925925926 0.024479166666666666 0.03518518518518519
2 0.033854166666666664 0.8157407407407408 0.015625 0.03518518518518519
2 0.26171875 0.14351851851851852 0.0078125 0.014814814814814815
2 0.35520833333333335 0.12361111111111112 0.008333333333333333 0.013888888888888888
2 0.24401041666666667 0.5152777777777777 0.028645833333333332 0.05277777777777778
2 0.16927083333333334 0.5106481481481482 0.027083333333333334 0.05092592592592592
2 0.34453125 0.29953703703703705 0.021354166666666667 0.03425925925925926
2 0.28619791666666666 0.3050925925925926 0.0171875 0.03425925925925926
0 0.434375 0.08425925925925926 0.013541666666666667 0.04259259259259259