3 0.5994791666666667 0.07962962962962963 0.013541666666666667 0.040740740740740744
3 0.46640625 0.07407407407407407 0.0067708333333333336 0.040740740740740744
1 0.8768229166666667 0.5990740740740741 0.024479166666666666 0.03148148148148148
0 0.93359375 0.5587962962962963 0.13072916666666667 0.2361111111111111
2 0.9619791666666667 0.8638888888888889 0.020833333333333332 0.025925925925925925
2 0.846875 0.9009259259259259 0.022916666666666665 0.03148148148148148
2 0.8346354166666666 0.5018518518518519 0.0234375 0.03148148148148148
2 0.7497395833333333 0.4527777777777778 0.0203125 0.03518518518518519
2 0.7171875 0.3736111111111111 0.01875 0.032407407407407406
2 0.7684895833333333 0.35555555555555557 0.016145833333333335 0.027777777777777776
2 0.7989583333333333 0.41712962962962963 0.015625 0.028703703703703703
2 0.6635416666666667 0.18472222222222223 0.009375 0.013888888888888888
2 0.5669270833333333 0.17453703703703705 0.0078125 0.01574074074074074
2 0.5315104166666667 0.1037037037037037 0.0078125 0.014814814814814815
2 0.3546875 0.12453703703703704 0.00625 0.013888888888888888
2 0.2625 0.14351851851851852 0.007291666666666667 0.014814814814814815
2 0.15572916666666667 0.8703703703703703 0.023958333333333335 0.03888888888888889
2 0.033854166666666664 0.8157407407407408 0.017708333333333333 0.027777777777777776
2 0.24427083333333333 0.5152777777777777 0.028125 0.05277777777777778
2 0.17057291666666666 0.5115740740740741 0.027604166666666666 0.05092592592592592
2 0.34348958333333335 0.300462962962963 0.022395833333333334 0.03425925925925926
2 0.2859375 0.3060185185185185 0.017708333333333333 0.03611111111111111