2 0.9625 0.8634259259259259 0.016666666666666666 0.030555555555555555
2 0.8455729166666667 0.9018518518518519 0.021354166666666667 0.03333333333333333
2 0.15598958333333332 0.8689814814814815 0.018229166666666668 0.03425925925925926
2 0.033854166666666664 0.8148148148148148 0.017708333333333333 0.03333333333333333
2 0.8346354166666666 0.5009259259259259 0.019270833333333334 0.037037037037037035
2 0.7486979166666666 0.4532407407407407 0.0203125 0.03425925925925926
2 0.8 0.4162037037037037 0.013541666666666667 0.028703703703703703
2 0.7677083333333333 0.3560185185185185 0.0125 0.026851851851851852
2 0.71640625 0.3726851851851852 0.015104166666666667 0.028703703703703703
2 0.6635416666666667 0.18425925925925926 0.008333333333333333 0.014814814814814815
2 0.5661458333333333 0.17222222222222222 0.007291666666666667 0.014814814814814815
2 0.5315104166666667 0.10277777777777777 0.005729166666666666 0.012962962962962963
2 0.3541666666666667 0.12361111111111112 0.00625 0.012037037037037037
2 0.26197916666666665 0.14537037037037037 0.007291666666666667 0.012962962962962963
2 0.24348958333333334 0.5148148148148148 0.027604166666666666 0.05185185185185185
2 0.16901041666666666 0.5101851851851852 0.028645833333333332 0.05
2 0.34453125 0.3 0.021354166666666667 0.03518518518518519
2 0.2859375 0.30648148148148147 0.016666666666666666 0.03518518518518519
1 0.9361979166666666 0.9 0.033854166666666664 0.03518518518518519
3 0.5955729166666667 0.0787037037037037 0.005729166666666666 0.040740740740740744
3 0.46484375 0.07268518518518519 0.0046875 0.041666666666666664
0 0.95859375 0.9555555555555556 0.07864583333333333 0.08333333333333333