3 0.46510416666666665 0.07453703703703704 0.00625 0.041666666666666664
3 0.59609375 0.07916666666666666 0.0067708333333333336 0.03981481481481482
2 0.5315104166666667 0.10324074074074074 0.0067708333333333336 0.01574074074074074
2 0.5666666666666667 0.17407407407407408 0.007291666666666667 0.014814814814814815
2 0.6640625 0.18564814814814815 0.009375 0.013888888888888888
2 0.7161458333333334 0.37453703703703706 0.016666666666666666 0.028703703703703703
2 0.7494791666666667 0.45416666666666666 0.01875 0.03425925925925926
2 0.83515625 0.5027777777777778 0.019270833333333334 0.03333333333333333
2 0.79921875 0.41759259259259257 0.015104166666666667 0.027777777777777776
2 0.7684895833333333 0.3578703703703704 0.0140625 0.026851851851851852
2 0.84609375 0.9013888888888889 0.022395833333333334 0.03425925925925926
2 0.9627604166666667 0.8643518518518518 0.018229166666666668 0.026851851851851852
2 0.15703125 0.8689814814814815 0.021354166666666667 0.030555555555555555
2 0.03359375 0.8157407407407408 0.019270833333333334 0.03148148148148148
2 0.26171875 0.14351851851851852 0.0078125 0.014814814814814815
2 0.35442708333333334 0.12453703703703704 0.0067708333333333336 0.013888888888888888
2 0.34427083333333336 0.300462962962963 0.019791666666666666 0.03425925925925926
2 0.28671875 0.3055555555555556 0.018229166666666668 0.037037037037037035
2 0.15729166666666666 0.5435185185185185 0.029166666666666667 0.04814814814814815