2 0.8455729166666667 0.9032407407407408 0.0234375 0.032407407407407406
2 0.9625 0.8648148148148148 0.01875 0.027777777777777776
2 0.834375 0.5013888888888889 0.020833333333333332 0.032407407407407406
2 0.7494791666666667 0.45185185185185184 0.01875 0.03333333333333333
2 0.8005208333333333 0.41759259259259257 0.015625 0.02962962962962963
2 0.7692708333333333 0.3587962962962963 0.013541666666666667 0.028703703703703703
2 0.7166666666666667 0.37407407407407406 0.016666666666666666 0.02962962962962963
2 0.15625 0.8685185185185185 0.021875 0.037037037037037035
2 0.03411458333333333 0.8166666666666667 0.0203125 0.02962962962962963
2 0.26171875 0.14351851851851852 0.009895833333333333 0.012962962962962963
2 0.35494791666666664 0.12361111111111112 0.005729166666666666 0.013888888888888888
2 0.5322916666666667 0.1037037037037037 0.007291666666666667 0.014814814814814815
2 0.56640625 0.175 0.0078125 0.014814814814814815
2 0.6643229166666667 0.18564814814814815 0.009895833333333333 0.01574074074074074
2 0.34453125 0.30092592592592593 0.021354166666666667 0.03518518518518519
2 0.28619791666666666 0.30694444444444446 0.018229166666666668 0.03425925925925926
2 0.15859375 0.5212962962962963 0.0359375 0.037037037037037035
2 0.08151041666666667 0.5365740740740741 0.0328125 0.03425925925925926
3 0.46484375 0.07453703703703704 0.005729166666666666 0.041666666666666664
3 0.5958333333333333 0.07916666666666666 0.00625 0.041666666666666664