0 0.21484375 0.38981481481481484 0.0953125 0.15
1 0.22421875 0.4699074074074074 0.0203125 0.032407407407407406
2 0.15546875 0.8671296296296296 0.019270833333333334 0.03425925925925926
2 0.03463541666666667 0.8157407407407408 0.018229166666666668 0.03333333333333333
2 0.84453125 0.9018518518518519 0.022395833333333334 0.03333333333333333
2 0.9625 0.8634259259259259 0.01875 0.028703703703703703
2 0.83515625 0.5023148148148148 0.021354166666666667 0.03425925925925926
2 0.7494791666666667 0.4537037037037037 0.019791666666666666 0.03333333333333333
2 0.79921875 0.4162037037037037 0.015104166666666667 0.030555555555555555
2 0.76875 0.3578703703703704 0.014583333333333334 0.028703703703703703
2 0.7161458333333334 0.3736111111111111 0.016666666666666666 0.028703703703703703
2 0.6640625 0.18564814814814815 0.009375 0.013888888888888888
2 0.5666666666666667 0.17407407407407408 0.007291666666666667 0.016666666666666666
2 0.5315104166666667 0.1037037037037037 0.0067708333333333336 0.014814814814814815
2 0.3546875 0.12314814814814815 0.00625 0.012962962962962963
2 0.26197916666666665 0.1439814814814815 0.007291666666666667 0.013888888888888888
2 0.34296875 0.3 0.021354166666666667 0.03518518518518519
2 0.28541666666666665 0.3074074074074074 0.017708333333333333 0.03518518518518519
2 0.16927083333333334 0.5106481481481482 0.028125 0.049074074074074076
2 0.23515625 0.5481481481481482 0.0296875 0.05185185185185185
3 0.46432291666666664 0.07407407407407407 0.0067708333333333336 0.040740740740740744
3 0.5963541666666666 0.0787037037037037 0.007291666666666667 0.04259259259259259