2 0.8453125 0.9023148148148148 0.022916666666666665 0.03425925925925926
2 0.9627604166666667 0.8648148148148148 0.0203125 0.03518518518518519
2 0.834375 0.5 0.022916666666666665 0.03518518518518519
2 0.7505208333333333 0.4527777777777778 0.019791666666666666 0.03333333333333333
2 0.79921875 0.4162037037037037 0.015104166666666667 0.032407407407407406
2 0.7700520833333333 0.3587962962962963 0.015104166666666667 0.028703703703703703
2 0.7169270833333333 0.3736111111111111 0.0171875 0.030555555555555555
2 0.6643229166666667 0.18472222222222223 0.009895833333333333 0.013888888888888888
2 0.5666666666666667 0.17453703703703705 0.008333333333333333 0.013888888888888888
2 0.5315104166666667 0.1037037037037037 0.0067708333333333336 0.014814814814814815
2 0.35442708333333334 0.12453703703703704 0.005729166666666666 0.013888888888888888
2 0.26197916666666665 0.1439814814814815 0.007291666666666667 0.013888888888888888
2 0.15494791666666666 0.8694444444444445 0.021354166666666667 0.03518518518518519
2 0.03411458333333333 0.8162037037037037 0.019270833333333334 0.028703703703703703
2 0.34375 0.29953703703703705 0.020833333333333332 0.03425925925925926
2 0.28671875 0.30648148148148147 0.018229166666666668 0.03333333333333333
2 0.24375 0.5152777777777777 0.027083333333333334 0.05092592592592592
2 0.16875 0.5106481481481482 0.029166666666666667 0.05092592592592592
1 0.8565104166666667 0.5013888888888889 0.0171875 0.03425925925925926
0 0.9036458333333334 0.46064814814814814 0.075 0.18611111111111112
3 0.46432291666666664 0.07453703703703704 0.0067708333333333336 0.03981481481481482
3 0.5955729166666667 0.07916666666666666 0.0078125 0.041666666666666664