2 0.8458333333333333 0.9018518518518519 0.021875 0.03518518518518519
2 0.9625 0.8652777777777778 0.01875 0.028703703703703703
2 0.8348958333333333 0.500462962962963 0.019791666666666666 0.03425925925925926
2 0.7497395833333333 0.4527777777777778 0.019270833333333334 0.037037037037037035
2 0.7994791666666666 0.4152777777777778 0.014583333333333334 0.032407407407407406
2 0.7684895833333333 0.35833333333333334 0.015104166666666667 0.02962962962962963
2 0.71640625 0.37175925925925923 0.016145833333333335 0.030555555555555555
2 0.6640625 0.18425925925925926 0.009375 0.012962962962962963
2 0.5658854166666667 0.175 0.0078125 0.014814814814814815
2 0.5317708333333333 0.1037037037037037 0.00625 0.014814814814814815
2 0.3541666666666667 0.12361111111111112 0.00625 0.013888888888888888
2 0.26197916666666665 0.14537037037037037 0.007291666666666667 0.011111111111111112
2 0.15598958333333332 0.8675925925925926 0.0203125 0.03518518518518519
2 0.03359375 0.8152777777777778 0.018229166666666668 0.030555555555555555
2 0.24427083333333333 0.5148148148148148 0.030208333333333334 0.05
2 0.16927083333333334 0.5101851851851852 0.028125 0.05
2 0.34401041666666665 0.300462962962963 0.021354166666666667 0.03611111111111111
2 0.28671875 0.3055555555555556 0.0171875 0.03333333333333333
1 0.9375 0.9018518518518519 0.03333333333333333 0.03888888888888889
3 0.5963541666666666 0.07685185185185185 0.007291666666666667 0.044444444444444446
3 0.465625 0.07453703703703704 0.005208333333333333 0.03981481481481482
0 0.9541666666666667 0.9717592592592592 0.090625 0.058333333333333334