2 0.9630208333333333 0.8643518518518518 0.01875 0.026851851851851852
2 0.8458333333333333 0.9023148148148148 0.020833333333333332 0.032407407407407406
2 0.8346354166666666 0.5013888888888889 0.0203125 0.03425925925925926
2 0.8002604166666667 0.41805555555555557 0.016145833333333335 0.030555555555555555
2 0.7502604166666667 0.4527777777777778 0.018229166666666668 0.03333333333333333
2 0.71640625 0.3726851851851852 0.016145833333333335 0.028703703703703703
2 0.6645833333333333 0.18518518518518517 0.009375 0.014814814814814815
2 0.5661458333333333 0.17407407407407408 0.007291666666666667 0.014814814814814815
2 0.5317708333333333 0.1037037037037037 0.00625 0.012962962962962963
2 0.3541666666666667 0.12314814814814815 0.00625 0.012962962962962963
2 0.26223958333333336 0.14351851851851852 0.0067708333333333336 0.012962962962962963
2 0.15572916666666667 0.8699074074074075 0.020833333333333332 0.032407407407407406
2 0.03359375 0.8180555555555555 0.0171875 0.028703703703703703
2 0.24270833333333333 0.5138888888888888 0.026041666666666668 0.05
2 0.16901041666666666 0.5125 0.0296875 0.05092592592592592
2 0.34453125 0.3 0.021354166666666667 0.03518518518518519
2 0.28541666666666665 0.30694444444444446 0.016666666666666666 0.03611111111111111
1 0.7263020833333333 0.4513888888888889 0.009895833333333333 0.021296296296296296
3 0.5963541666666666 0.0787037037037037 0.007291666666666667 0.040740740740740744
3 0.46510416666666665 0.07453703703703704 0.005208333333333333 0.03981481481481482
0 0.7453125 0.4064814814814815 0.09583333333333334 0.21296296296296297