2 0.9627604166666667 0.8657407407407407 0.0171875 0.02962962962962963
2 0.84609375 0.9032407407407408 0.022395833333333334 0.032407407407407406
2 0.8346354166666666 0.5009259259259259 0.0203125 0.03518518518518519
2 0.8 0.41759259259259257 0.015625 0.02962962962962963
2 0.7497395833333333 0.45416666666666666 0.0203125 0.032407407407407406
2 0.7692708333333333 0.3578703703703704 0.015625 0.026851851851851852
2 0.7169270833333333 0.3731481481481482 0.015104166666666667 0.02962962962962963
2 0.6640625 0.18518518518518517 0.010416666666666666 0.014814814814814815
2 0.56640625 0.175 0.0078125 0.014814814814814815
2 0.5317708333333333 0.10324074074074074 0.00625 0.01574074074074074
2 0.35442708333333334 0.12407407407407407 0.0078125 0.012962962962962963
2 0.26197916666666665 0.14351851851851852 0.007291666666666667 0.012962962962962963
2 0.15598958333333332 0.8689814814814815 0.019270833333333334 0.03425925925925926
2 0.03359375 0.8166666666666667 0.0171875 0.02962962962962963
2 0.24296875 0.5143518518518518 0.027604166666666666 0.05092592592592592
2 0.16927083333333334 0.5106481481481482 0.027083333333333334 0.049074074074074076
2 0.34401041666666665 0.300462962962963 0.021354166666666667 0.03425925925925926
2 0.2859375 0.3060185185185185 0.017708333333333333 0.03611111111111111
0 0.6419270833333334 0.11157407407407408 0.015104166666666667 0.06574074074074074
3 0.5963541666666666 0.07916666666666666 0.007291666666666667 0.03981481481481482
3 0.46510416666666665 0.07407407407407407 0.005208333333333333 0.040740740740740744
1 0.6380208333333334 0.13425925925925927 0.003125 0.007407407407407408