0 0.9528645833333333 0.9837962962962963 0.09322916666666667 0.032407407407407406
1 0.92890625 0.9365740740740741 0.034895833333333334 0.041666666666666664
2 0.8450520833333334 0.9037037037037037 0.0234375 0.03333333333333333
2 0.96171875 0.8643518518518518 0.019270833333333334 0.032407407407407406
2 0.834375 0.5013888888888889 0.020833333333333332 0.03425925925925926
2 0.8002604166666667 0.4166666666666667 0.015104166666666667 0.02962962962962963
2 0.75 0.4527777777777778 0.01875 0.03333333333333333
2 0.7684895833333333 0.35833333333333334 0.0140625 0.027777777777777776
2 0.7171875 0.3736111111111111 0.015625 0.025
2 0.6635416666666667 0.18518518518518517 0.009375 0.014814814814814815
2 0.5661458333333333 0.175 0.008333333333333333 0.014814814814814815
2 0.5315104166666667 0.1037037037037037 0.0067708333333333336 0.014814814814814815
2 0.35442708333333334 0.12407407407407407 0.005729166666666666 0.012962962962962963
2 0.26197916666666665 0.14351851851851852 0.007291666666666667 0.011111111111111112
2 0.15494791666666666 0.8685185185185185 0.022395833333333334 0.03518518518518519
2 0.03307291666666667 0.8180555555555555 0.018229166666666668 0.032407407407407406
2 0.34479166666666666 0.3 0.020833333333333332 0.037037037037037035
2 0.28567708333333336 0.3060185185185185 0.018229166666666668 0.03796296296296296
2 0.24401041666666667 0.5148148148148148 0.027604166666666666 0.05185185185185185
2 0.16953125 0.5115740740740741 0.028645833333333332 0.04722222222222222
3 0.5953125 0.0787037037037037 0.007291666666666667 0.040740740740740744
3 0.46510416666666665 0.07453703703703704 0.005208333333333333 0.041666666666666664