2 0.8453125 0.9027777777777778 0.022916666666666665 0.03333333333333333
2 0.9640625 0.8643518518518518 0.020833333333333332 0.025
2 0.8356770833333333 0.5032407407407408 0.0203125 0.03425925925925926
2 0.7494791666666667 0.4537037037037037 0.019791666666666666 0.03518518518518519
2 0.8005208333333333 0.41712962962962963 0.016666666666666666 0.030555555555555555
2 0.7690104166666667 0.35833333333333334 0.013020833333333334 0.03333333333333333
2 0.7158854166666667 0.37407407407407406 0.0171875 0.02962962962962963
2 0.66328125 0.18564814814814815 0.0109375 0.017592592592592594
2 0.565625 0.17407407407407408 0.009375 0.016666666666666666
2 0.5315104166666667 0.10462962962962963 0.0067708333333333336 0.014814814814814815
2 0.3541666666666667 0.12407407407407407 0.007291666666666667 0.014814814814814815
2 0.26197916666666665 0.1439814814814815 0.007291666666666667 0.01574074074074074
2 0.15572916666666667 0.8694444444444445 0.022916666666666665 0.037037037037037035
2 0.03411458333333333 0.8148148148148148 0.019270833333333334 0.02962962962962963
3 0.46510416666666665 0.07685185185185185 0.005208333333333333 0.04259259259259259
3 0.59609375 0.07916666666666666 0.0078125 0.041666666666666664
0 0.8536458333333333 0.40370370370370373 0.06666666666666667 0.1574074074074074
1 0.8296875 0.4388888888888889 0.015625 0.025925925925925925