2 0.9619791666666667 0.8643518518518518 0.016666666666666666 0.025
2 0.84609375 0.9023148148148148 0.024479166666666666 0.03425925925925926
2 0.8354166666666667 0.5 0.021875 0.03518518518518519
2 0.8002604166666667 0.4162037037037037 0.015104166666666667 0.028703703703703703
2 0.7494791666666667 0.4532407407407407 0.019791666666666666 0.030555555555555555
2 0.76953125 0.3574074074074074 0.015104166666666667 0.025925925925925925
2 0.7161458333333334 0.3726851851851852 0.016666666666666666 0.030555555555555555
2 0.66328125 0.18518518518518517 0.009895833333333333 0.014814814814814815
2 0.56640625 0.1736111111111111 0.0078125 0.013888888888888888
2 0.5322916666666667 0.10416666666666667 0.00625 0.013888888888888888
2 0.3541666666666667 0.12407407407407407 0.00625 0.014814814814814815
2 0.26171875 0.1439814814814815 0.0067708333333333336 0.013888888888888888
2 0.15625 0.8689814814814815 0.021875 0.028703703703703703
2 0.03411458333333333 0.8185185185185185 0.019270833333333334 0.02962962962962963
2 0.34479166666666666 0.29953703703703705 0.019791666666666666 0.03611111111111111
2 0.2859375 0.3060185185185185 0.017708333333333333 0.03611111111111111
2 0.15703125 0.5416666666666666 0.028645833333333332 0.05
3 0.4666666666666667 0.07546296296296297 0.008333333333333333 0.041666666666666664
3 0.59609375 0.0787037037037037 0.0067708333333333336 0.04259259259259259