1 0.921875 0.8546296296296296 0.034375 0.03888888888888889
0 0.94765625 0.9342592592592592 0.1015625 0.13148148148148148
2 0.8458333333333333 0.9018518518518519 0.022916666666666665 0.03518518518518519
2 0.9604166666666667 0.862037037037037 0.016666666666666666 0.020370370370370372
2 0.8356770833333333 0.5018518518518519 0.0203125 0.03518518518518519
2 0.7486979166666666 0.45231481481481484 0.019270833333333334 0.03796296296296296
2 0.8005208333333333 0.41759259259259257 0.016666666666666666 0.03333333333333333
2 0.7692708333333333 0.35833333333333334 0.014583333333333334 0.02962962962962963
2 0.7174479166666666 0.3736111111111111 0.018229166666666668 0.028703703703703703
2 0.15598958333333332 0.8680555555555556 0.019270833333333334 0.03981481481481482
2 0.03333333333333333 0.8166666666666667 0.016666666666666666 0.037037037037037035
2 0.66328125 0.18472222222222223 0.009895833333333333 0.01574074074074074
2 0.5661458333333333 0.17407407407407408 0.008333333333333333 0.016666666666666666
2 0.5322916666666667 0.1037037037037037 0.007291666666666667 0.016666666666666666
2 0.3546875 0.12407407407407407 0.00625 0.014814814814814815
2 0.26171875 0.14305555555555555 0.0078125 0.017592592592592594
2 0.34401041666666665 0.30092592592592593 0.021354166666666667 0.03518518518518519
2 0.28567708333333336 0.30648148148148147 0.0171875 0.037037037037037035
2 0.24296875 0.5162037037037037 0.028645833333333332 0.05092592592592592
2 0.17005208333333333 0.5106481481481482 0.028645833333333332 0.05092592592592592
3 0.4661458333333333 0.07546296296296297 0.009375 0.041666666666666664
3 0.5981770833333333 0.07962962962962963 0.011979166666666667 0.04259259259259259