2 0.8052083333333333 0.9550925925925926 0.027083333333333334 0.01574074074074074
2 0.9127604166666666 0.9273148148148148 0.024479166666666666 0.013888888888888888
2 0.7424479166666667 0.8212962962962963 0.016145833333333335 0.022222222222222223
2 0.6731770833333334 0.8087962962962963 0.011979166666666667 0.023148148148148147
2 0.7111979166666667 0.7981481481481482 0.0046875 0.020370370370370372
2 0.6481770833333333 0.7875 0.009895833333333333 0.019444444444444445
2 0.6856770833333333 0.7833333333333333 0.0078125 0.018518518518518517
2 0.6111979166666667 0.7240740740740741 0.005729166666666666 0.011111111111111112
2 0.53671875 0.7138888888888889 0.0046875 0.011111111111111112
2 0.36640625 0.6472222222222223 0.0036458333333333334 0.011111111111111112
2 0.5098958333333333 0.6791666666666667 0.004166666666666667 0.012037037037037037
2 0.15833333333333333 0.8574074074074074 0.026041666666666668 0.020370370370370372
2 0.027864583333333335 0.788425925925926 0.025520833333333333 0.017592592592592594
2 0.3684895833333333 0.7162037037037037 0.0140625 0.026851851851851852
2 0.31979166666666664 0.7023148148148148 0.014583333333333334 0.025
2 0.2877604166666667 0.6277777777777778 0.0036458333333333334 0.011111111111111112
2 0.2875 0.7546296296296297 0.021875 0.03888888888888889
2 0.22005208333333334 0.7300925925925926 0.022395833333333334 0.03796296296296296
3 0.45703125 0.6472222222222223 0.0067708333333333336 0.037037037037037035
3 0.56171875 0.6699074074074074 0.005729166666666666 0.032407407407407406