2 0.8466145833333333 0.9027777777777778 0.021354166666666667 0.03518518518518519
2 0.9627604166666667 0.8629629629629629 0.018229166666666668 0.027777777777777776
2 0.7494791666666667 0.4527777777777778 0.017708333333333333 0.03333333333333333
2 0.8338541666666667 0.5009259259259259 0.019791666666666666 0.03518518518518519
2 0.7994791666666666 0.41712962962962963 0.015625 0.030555555555555555
2 0.7690104166666667 0.3574074074074074 0.0140625 0.027777777777777776
2 0.71640625 0.37222222222222223 0.016145833333333335 0.03148148148148148
2 0.6638020833333333 0.18472222222222223 0.008854166666666666 0.013888888888888888
2 0.5666666666666667 0.175 0.009375 0.012962962962962963
2 0.5315104166666667 0.10416666666666667 0.0067708333333333336 0.013888888888888888
2 0.35442708333333334 0.12407407407407407 0.0067708333333333336 0.014814814814814815
2 0.26171875 0.1439814814814815 0.0067708333333333336 0.013888888888888888
2 0.15677083333333333 0.8694444444444445 0.021875 0.03518518518518519
2 0.03333333333333333 0.8185185185185185 0.01875 0.03148148148148148
2 0.24401041666666667 0.5138888888888888 0.0265625 0.05185185185185185
2 0.16953125 0.5111111111111111 0.027604166666666666 0.04814814814814815
2 0.34479166666666666 0.300462962962963 0.01875 0.03425925925925926
2 0.28541666666666665 0.30648148148148147 0.017708333333333333 0.03333333333333333
3 0.46484375 0.07546296296296297 0.005729166666666666 0.041666666666666664
3 0.5958333333333333 0.08055555555555556 0.008333333333333333 0.04259259259259259
0 0.5533854166666666 0.08518518518518518 0.015104166666666667 0.05
1 0.5455729166666666 0.10787037037037037 0.0046875 0.008333333333333333