3 0.5958333333333333 0.0787037037037037 0.008333333333333333 0.040740740740740744
3 0.46484375 0.07407407407407407 0.0067708333333333336 0.040740740740740744
2 0.5315104166666667 0.1037037037037037 0.0067708333333333336 0.014814814814814815
2 0.56640625 0.17453703703703705 0.0078125 0.01574074074074074
2 0.6640625 0.18518518518518517 0.009375 0.014814814814814815
2 0.7166666666666667 0.37453703703703706 0.016666666666666666 0.028703703703703703
2 0.76875 0.3578703703703704 0.014583333333333334 0.026851851851851852
2 0.7997395833333333 0.4152777777777778 0.016145833333333335 0.030555555555555555
2 0.7494791666666667 0.4537037037037037 0.019791666666666666 0.03333333333333333
2 0.83515625 0.5023148148148148 0.019270833333333334 0.032407407407407406
2 0.84609375 0.9018518518518519 0.0203125 0.03333333333333333
2 0.9630208333333333 0.8643518518518518 0.019791666666666666 0.025
2 0.15625 0.8675925925925926 0.021875 0.03148148148148148
2 0.03359375 0.8162037037037037 0.0171875 0.028703703703703703
2 0.35494791666666664 0.12453703703703704 0.005729166666666666 0.013888888888888888
2 0.26223958333333336 0.14351851851851852 0.0067708333333333336 0.014814814814814815
2 0.34401041666666665 0.3 0.0203125 0.037037037037037035
2 0.28541666666666665 0.3055555555555556 0.017708333333333333 0.037037037037037035
2 0.16953125 0.5111111111111111 0.027604166666666666 0.04814814814814815
2 0.23541666666666666 0.5472222222222223 0.028125 0.05185185185185185
1 0.9119791666666667 0.9861111111111112 0.034375 0.027777777777777776
0 0.9630208333333333 0.9819444444444444 0.07604166666666666 0.03425925925925926