1 0.9377604166666667 0.899074074074074 0.0328125 0.03333333333333333
2 0.8348958333333333 0.5013888888888889 0.020833333333333332 0.03611111111111111
2 0.7505208333333333 0.45185185185185184 0.01875 0.03333333333333333
2 0.7997395833333333 0.41574074074074074 0.015104166666666667 0.02962962962962963
2 0.76796875 0.35648148148148145 0.013020833333333334 0.025925925925925925
2 0.71796875 0.3712962962962963 0.015104166666666667 0.027777777777777776
2 0.6640625 0.18425925925925926 0.008333333333333333 0.016666666666666666
2 0.5666666666666667 0.1726851851851852 0.007291666666666667 0.01574074074074074
2 0.5322916666666667 0.10231481481481482 0.005208333333333333 0.01574074074074074
2 0.35442708333333334 0.12222222222222222 0.0046875 0.012962962962962963
2 0.26223958333333336 0.14305555555555555 0.005729166666666666 0.012037037037037037
2 0.3143229166666667 0.30185185185185187 0.07447916666666667 0.03518518518518519
2 0.2046875 0.5120370370370371 0.10104166666666667 0.05