2 0.8455729166666667 0.9027777777777778 0.021354166666666667 0.03148148148148148
2 0.9630208333333333 0.8648148148148148 0.01875 0.027777777777777776
2 0.8348958333333333 0.5009259259259259 0.020833333333333332 0.03518518518518519
2 0.8 0.4162037037037037 0.014583333333333334 0.030555555555555555
2 0.7489583333333333 0.4532407407407407 0.019791666666666666 0.032407407407407406
2 0.7161458333333334 0.37175925925925923 0.014583333333333334 0.028703703703703703
2 0.7682291666666666 0.35555555555555557 0.013541666666666667 0.025925925925925925
2 0.6635416666666667 0.18518518518518517 0.008333333333333333 0.012962962962962963
2 0.5661458333333333 0.17407407407407408 0.007291666666666667 0.014814814814814815
2 0.5317708333333333 0.10277777777777777 0.007291666666666667 0.014814814814814815
2 0.3536458333333333 0.12407407407407407 0.007291666666666667 0.014814814814814815
2 0.26197916666666665 0.1439814814814815 0.007291666666666667 0.013888888888888888
2 0.15598958333333332 0.8689814814814815 0.019270833333333334 0.030555555555555555
2 0.03411458333333333 0.8162037037037037 0.0171875 0.026851851851851852
2 0.24375 0.5138888888888888 0.027083333333333334 0.05185185185185185
2 0.16901041666666666 0.5106481481481482 0.028645833333333332 0.05092592592592592
2 0.34401041666666665 0.300462962962963 0.0203125 0.03425925925925926
2 0.28567708333333336 0.30648148148148147 0.018229166666666668 0.03518518518518519
3 0.59609375 0.0787037037037037 0.0067708333333333336 0.040740740740740744
3 0.46536458333333336 0.07407407407407407 0.005729166666666666 0.040740740740740744
1 0.8880208333333334 0.5268518518518519 0.019791666666666666 0.02962962962962963
0 0.91015625 0.46435185185185185 0.10677083333333333 0.1712962962962963