2 0.8450520833333334 0.9027777777777778 0.022395833333333334 0.03518518518518519
2 0.9625 0.8652777777777778 0.021875 0.030555555555555555
2 0.8348958333333333 0.5013888888888889 0.01875 0.03425925925925926
2 0.7997395833333333 0.41805555555555557 0.015104166666666667 0.030555555555555555
2 0.7489583333333333 0.4546296296296296 0.020833333333333332 0.03333333333333333
2 0.7690104166666667 0.35833333333333334 0.015104166666666667 0.02962962962962963
2 0.71640625 0.3731481481481482 0.015104166666666667 0.027777777777777776
2 0.6640625 0.18564814814814815 0.009375 0.013888888888888888
2 0.56640625 0.17453703703703705 0.0078125 0.013888888888888888
2 0.5317708333333333 0.1037037037037037 0.00625 0.014814814814814815
2 0.35442708333333334 0.12314814814814815 0.0046875 0.012962962962962963
2 0.26223958333333336 0.1439814814814815 0.0078125 0.013888888888888888
2 0.15520833333333334 0.8699074074074075 0.020833333333333332 0.032407407407407406
2 0.034375 0.8189814814814815 0.019791666666666666 0.026851851851851852
2 0.34427083333333336 0.2986111111111111 0.021875 0.03611111111111111
2 0.2859375 0.30648148148148147 0.016666666666666666 0.03518518518518519
2 0.24296875 0.513425925925926 0.0265625 0.05092592592592592
2 0.16770833333333332 0.5097222222222222 0.027083333333333334 0.049074074074074076
3 0.46458333333333335 0.07546296296296297 0.00625 0.041666666666666664
3 0.5953125 0.0787037037037037 0.009375 0.04259259259259259
1 0.56875 0.09259259259259259 0.004166666666666667 0.007407407407407408
0 0.57109375 0.07083333333333333 0.013020833333333334 0.03796296296296296