2 0.96328125 0.8652777777777778 0.018229166666666668 0.026851851851851852
2 0.8463541666666666 0.9018518518518519 0.021875 0.03518518518518519
2 0.15598958333333332 0.8685185185185185 0.0203125 0.03148148148148148
2 0.03333333333333333 0.8171296296296297 0.017708333333333333 0.028703703703703703
2 0.83515625 0.5018518518518519 0.019270833333333334 0.03518518518518519
2 0.7489583333333333 0.4532407407407407 0.019791666666666666 0.032407407407407406
2 0.8002604166666667 0.41712962962962963 0.016145833333333335 0.030555555555555555
2 0.7690104166666667 0.35833333333333334 0.0140625 0.027777777777777776
2 0.7169270833333333 0.3736111111111111 0.016145833333333335 0.026851851851851852
2 0.6640625 0.18518518518518517 0.009375 0.012962962962962963
2 0.5658854166666667 0.17407407407407408 0.0078125 0.014814814814814815
2 0.5317708333333333 0.10324074074074074 0.00625 0.013888888888888888
2 0.35390625 0.12407407407407407 0.005729166666666666 0.012962962962962963
2 0.26197916666666665 0.1439814814814815 0.007291666666666667 0.012037037037037037
2 0.24375 0.5152777777777777 0.027083333333333334 0.05277777777777778
2 0.16848958333333333 0.5106481481481482 0.027604166666666666 0.04722222222222222
2 0.34348958333333335 0.29953703703703705 0.0203125 0.03796296296296296
2 0.28541666666666665 0.3060185185185185 0.017708333333333333 0.03611111111111111
0 0.696875 0.17731481481481481 0.04375 0.10092592592592593
3 0.5963541666666666 0.07962962962962963 0.007291666666666667 0.03888888888888889
3 0.46510416666666665 0.07453703703703704 0.005208333333333333 0.03981481481481482