2 0.8453125 0.9018518518518519 0.021875 0.03148148148148148
2 0.9625 0.8652777777777778 0.017708333333333333 0.028703703703703703
2 0.8346354166666666 0.5009259259259259 0.0203125 0.03333333333333333
2 0.8 0.41574074074074074 0.015625 0.03148148148148148
2 0.74921875 0.4527777777777778 0.021354166666666667 0.03518518518518519
2 0.7682291666666666 0.35694444444444445 0.0125 0.026851851851851852
2 0.7161458333333334 0.37222222222222223 0.016666666666666666 0.03148148148148148
2 0.6635416666666667 0.18518518518518517 0.009375 0.014814814814814815
2 0.56640625 0.17407407407407408 0.008854166666666666 0.014814814814814815
2 0.5317708333333333 0.1037037037037037 0.00625 0.014814814814814815
2 0.35442708333333334 0.12407407407407407 0.0067708333333333336 0.012962962962962963
2 0.26197916666666665 0.14351851851851852 0.008333333333333333 0.014814814814814815
2 0.15651041666666668 0.8694444444444445 0.022395833333333334 0.03333333333333333
2 0.033854166666666664 0.8162037037037037 0.017708333333333333 0.032407407407407406
2 0.34453125 0.3 0.0203125 0.03518518518518519
2 0.2859375 0.3060185185185185 0.016666666666666666 0.03611111111111111
2 0.24427083333333333 0.5152777777777777 0.028125 0.05092592592592592
2 0.16979166666666667 0.5111111111111111 0.027083333333333334 0.04814814814814815
1 0.92890625 0.9365740740740741 0.033854166666666664 0.03796296296296296
0 0.9502604166666667 0.9810185185185185 0.0984375 0.03981481481481482
3 0.5947916666666667 0.07777777777777778 0.008333333333333333 0.04259259259259259
3 0.46510416666666665 0.07407407407407407 0.00625 0.04259259259259259