1 0.77265625 0.38101851851851853 0.0171875 0.025
2 0.8346354166666666 0.5018518518518519 0.019270833333333334 0.03333333333333333
2 0.74921875 0.4537037037037037 0.0203125 0.03333333333333333
2 0.8002604166666667 0.4166666666666667 0.016145833333333335 0.03148148148148148
2 0.7161458333333334 0.3731481481481482 0.016666666666666666 0.027777777777777776
2 0.7682291666666666 0.35694444444444445 0.0125 0.025
2 0.6640625 0.18518518518518517 0.010416666666666666 0.014814814814814815
2 0.5666666666666667 0.17453703703703705 0.008333333333333333 0.013888888888888888
2 0.5315104166666667 0.10416666666666667 0.0067708333333333336 0.013888888888888888
2 0.3546875 0.12407407407407407 0.00625 0.012962962962962963
2 0.26197916666666665 0.14351851851851852 0.007291666666666667 0.012962962962962963
2 0.15546875 0.8699074074074075 0.021354166666666667 0.030555555555555555
2 0.03359375 0.8171296296296297 0.018229166666666668 0.028703703703703703
2 0.9630208333333333 0.8652777777777778 0.01875 0.028703703703703703
2 0.8455729166666667 0.9013888888888889 0.021354166666666667 0.03425925925925926
2 0.24401041666666667 0.5143518518518518 0.0296875 0.05277777777777778
2 0.17005208333333333 0.5115740740740741 0.028645833333333332 0.05462962962962963
2 0.34322916666666664 0.300462962962963 0.019791666666666666 0.03425925925925926
2 0.2864583333333333 0.30648148148148147 0.017708333333333333 0.037037037037037035
0 0.8161458333333333 0.3416666666666667 0.059375 0.16111111111111112
3 0.5981770833333333 0.07916666666666666 0.011979166666666667 0.03981481481481482
3 0.46640625 0.07453703703703704 0.008854166666666666 0.03981481481481482