2 0.9619791666666667 0.8662037037037037 0.01875 0.028703703703703703
2 0.8458333333333333 0.9013888888888889 0.019791666666666666 0.032407407407407406
2 0.8348958333333333 0.500462962962963 0.01875 0.032407407407407406
2 0.7497395833333333 0.4527777777777778 0.0203125 0.03518518518518519
2 0.79921875 0.4166666666666667 0.0171875 0.03148148148148148
2 0.76875 0.3574074074074074 0.013541666666666667 0.025925925925925925
2 0.7166666666666667 0.3731481481481482 0.017708333333333333 0.02962962962962963
2 0.6638020833333333 0.18518518518518517 0.008854166666666666 0.014814814814814815
2 0.5666666666666667 0.17453703703703705 0.007291666666666667 0.01574074074074074
2 0.5315104166666667 0.10324074074074074 0.0067708333333333336 0.013888888888888888
2 0.3546875 0.12361111111111112 0.005208333333333333 0.012037037037037037
2 0.26197916666666665 0.14351851851851852 0.007291666666666667 0.012962962962962963
2 0.15520833333333334 0.8694444444444445 0.022916666666666665 0.03518518518518519
2 0.03359375 0.8166666666666667 0.0203125 0.027777777777777776
2 0.24296875 0.5148148148148148 0.027604166666666666 0.05185185185185185
2 0.16848958333333333 0.5097222222222222 0.027604166666666666 0.05092592592592592
2 0.34427083333333336 0.29907407407407405 0.020833333333333332 0.03518518518518519
2 0.28567708333333336 0.30648148148148147 0.0171875 0.03518518518518519
3 0.59609375 0.07731481481481481 0.0078125 0.04537037037037037
3 0.46484375 0.07453703703703704 0.0078125 0.041666666666666664
1 0.9083333333333333 0.9037037037037037 0.034375 0.03518518518518519
0 0.9546875 0.9439814814814815 0.08854166666666667 0.08055555555555556