2 0.8455729166666667 0.9018518518518519 0.022395833333333334 0.03148148148148148
2 0.9627604166666667 0.8643518518518518 0.019270833333333334 0.026851851851851852
2 0.15494791666666666 0.8703703703703703 0.0203125 0.03518518518518519
2 0.03333333333333333 0.8166666666666667 0.01875 0.02962962962962963
2 0.83515625 0.5013888888888889 0.021354166666666667 0.032407407407407406
2 0.7494791666666667 0.4537037037037037 0.019791666666666666 0.03333333333333333
2 0.8 0.4166666666666667 0.015625 0.02962962962962963
2 0.7690104166666667 0.3574074074074074 0.013020833333333334 0.025925925925925925
2 0.7169270833333333 0.3726851851851852 0.016145833333333335 0.028703703703703703
2 0.6643229166666667 0.18564814814814815 0.008854166666666666 0.013888888888888888
2 0.5666666666666667 0.17453703703703705 0.007291666666666667 0.01574074074074074
2 0.5317708333333333 0.1037037037037037 0.007291666666666667 0.014814814814814815
2 0.35442708333333334 0.12407407407407407 0.0067708333333333336 0.012962962962962963
2 0.26197916666666665 0.14351851851851852 0.007291666666666667 0.012962962962962963
2 0.24322916666666666 0.513425925925926 0.027083333333333334 0.05277777777777778
2 0.16901041666666666 0.5092592592592593 0.028645833333333332 0.05
2 0.34401041666666665 0.3 0.0203125 0.03518518518518519
2 0.28567708333333336 0.3055555555555556 0.0171875 0.037037037037037035
1 0.9234375 0.9217592592592593 0.034375 0.03425925925925926
0 0.95546875 0.9643518518518519 0.08697916666666666 0.058333333333333334
3 0.5955729166666667 0.0787037037037037 0.0078125 0.040740740740740744
3 0.46510416666666665 0.07453703703703704 0.00625 0.041666666666666664