3 0.5966145833333333 0.07962962962962963 0.0078125 0.03888888888888889
3 0.4674479166666667 0.075 0.008854166666666666 0.03888888888888889
2 0.8453125 0.9023148148148148 0.019791666666666666 0.032407407407407406
2 0.9622395833333334 0.8634259259259259 0.0171875 0.025
2 0.8346354166666666 0.500462962962963 0.019270833333333334 0.03425925925925926
2 0.8005208333333333 0.41712962962962963 0.017708333333333333 0.028703703703703703
2 0.7697916666666667 0.3578703703703704 0.015625 0.028703703703703703
2 0.7166666666666667 0.3731481481481482 0.016666666666666666 0.02962962962962963
2 0.7486979166666666 0.4532407407407407 0.019270833333333334 0.032407407407407406
2 0.6643229166666667 0.18518518518518517 0.009895833333333333 0.012962962962962963
2 0.5661458333333333 0.17453703703703705 0.008333333333333333 0.013888888888888888
2 0.5315104166666667 0.1037037037037037 0.0067708333333333336 0.014814814814814815
2 0.35520833333333335 0.12361111111111112 0.00625 0.013888888888888888
2 0.26171875 0.14351851851851852 0.0067708333333333336 0.012962962962962963
2 0.15494791666666666 0.8685185185185185 0.021354166666666667 0.027777777777777776
2 0.033854166666666664 0.8166666666666667 0.016666666666666666 0.024074074074074074
2 0.34322916666666664 0.3 0.020833333333333332 0.037037037037037035
2 0.2859375 0.3060185185185185 0.017708333333333333 0.03611111111111111
2 0.16953125 0.5115740740740741 0.027604166666666666 0.05092592592592592
2 0.24453125 0.5138888888888888 0.03177083333333333 0.05185185185185185
1 0.92890625 0.9069444444444444 0.03802083333333333 0.041666666666666664
0 0.9528645833333333 0.9587962962962963 0.09322916666666667 0.0712962962962963