3 0.4661458333333333 0.07453703703703704 0.007291666666666667 0.041666666666666664
3 0.5971354166666667 0.07824074074074074 0.0078125 0.041666666666666664
2 0.5317708333333333 0.1037037037037037 0.00625 0.014814814814814815
2 0.56640625 0.1736111111111111 0.008854166666666666 0.01574074074074074
2 0.6638020833333333 0.18518518518518517 0.009895833333333333 0.014814814814814815
2 0.7171875 0.3712962962962963 0.017708333333333333 0.03333333333333333
2 0.76953125 0.3578703703703704 0.0140625 0.028703703703703703
2 0.8 0.41759259259259257 0.015625 0.03148148148148148
2 0.7489583333333333 0.4532407407407407 0.021875 0.03425925925925926
2 0.83515625 0.5013888888888889 0.022395833333333334 0.03425925925925926
2 0.15546875 0.8671296296296296 0.022395833333333334 0.03611111111111111
2 0.03307291666666667 0.8166666666666667 0.0171875 0.02962962962962963
2 0.24296875 0.5143518518518518 0.028645833333333332 0.05462962962962963
2 0.17109375 0.5111111111111111 0.028645833333333332 0.04814814814814815
2 0.34375 0.3 0.019791666666666666 0.037037037037037035
2 0.28619791666666666 0.3055555555555556 0.018229166666666668 0.03518518518518519
2 0.3541666666666667 0.12314814814814815 0.00625 0.014814814814814815
2 0.26197916666666665 0.14444444444444443 0.008333333333333333 0.014814814814814815
2 0.8471354166666667 0.9023148148148148 0.024479166666666666 0.03425925925925926
2 0.9635416666666666 0.8638888888888889 0.020833333333333332 0.02962962962962963
1 0.9533854166666667 0.9125 0.03697916666666667 0.041666666666666664
0 0.9684895833333333 0.9708333333333333 0.06510416666666667 0.05277777777777778