2 0.8348958333333333 0.5009259259259259 0.019791666666666666 0.03518518518518519
2 0.75078125 0.4537037037037037 0.019270833333333334 0.03518518518518519
2 0.7994791666666666 0.41574074074074074 0.014583333333333334 0.03148148148148148
2 0.7684895833333333 0.35694444444444445 0.011979166666666667 0.026851851851851852
2 0.7177083333333333 0.37083333333333335 0.015625 0.032407407407407406
2 0.6635416666666667 0.18472222222222223 0.007291666666666667 0.013888888888888888
2 0.5661458333333333 0.175 0.008333333333333333 0.014814814814814815
2 0.5317708333333333 0.1037037037037037 0.00625 0.014814814814814815
2 0.26223958333333336 0.14305555555555555 0.0067708333333333336 0.013888888888888888
2 0.3541666666666667 0.12314814814814815 0.004166666666666667 0.011111111111111112
2 0.2864583333333333 0.3060185185185185 0.017708333333333333 0.03425925925925926
2 0.16848958333333333 0.5138888888888888 0.03177083333333333 0.04814814814814815
2 0.15520833333333334 0.8685185185185185 0.021875 0.03518518518518519
2 0.033854166666666664 0.8166666666666667 0.016666666666666666 0.02962962962962963
2 0.8466145833333333 0.9027777777777778 0.022395833333333334 0.037037037037037035
2 0.9614583333333333 0.8638888888888889 0.019791666666666666 0.02962962962962963
2 0.2421875 0.5171296296296296 0.029166666666666667 0.05092592592592592
2 0.34401041666666665 0.29907407407407405 0.021354166666666667 0.037037037037037035
1 0.35911458333333335 0.21898148148148147 0.008854166666666666 0.013888888888888888
3 0.46510416666666665 0.07453703703703704 0.00625 0.041666666666666664
3 0.5966145833333333 0.07777777777777778 0.008854166666666666 0.04259259259259259
0 0.365625 0.1685185185185185 0.034375 0.1