2 0.9622395833333334 0.8652777777777778 0.0171875 0.030555555555555555
2 0.8450520833333334 0.9013888888888889 0.022395833333333334 0.032407407407407406
2 0.8346354166666666 0.5009259259259259 0.018229166666666668 0.03518518518518519
2 0.7494791666666667 0.4532407407407407 0.017708333333333333 0.03425925925925926
2 0.7994791666666666 0.4162037037037037 0.013541666666666667 0.030555555555555555
2 0.7690104166666667 0.3578703703703704 0.013020833333333334 0.026851851851851852
2 0.7161458333333334 0.3731481481481482 0.015625 0.02962962962962963
2 0.6643229166666667 0.18472222222222223 0.008854166666666666 0.017592592592592594
2 0.5661458333333333 0.17453703703703705 0.007291666666666667 0.01574074074074074
2 0.5317708333333333 0.10416666666666667 0.00625 0.013888888888888888
2 0.3546875 0.12407407407407407 0.005208333333333333 0.012962962962962963
2 0.2625 0.1449074074074074 0.00625 0.012037037037037037
2 0.15494791666666666 0.8694444444444445 0.0203125 0.03148148148148148
2 0.037760416666666664 0.8101851851851852 0.009895833333333333 0.012962962962962963
2 0.34401041666666665 0.3 0.0234375 0.03518518518518519
2 0.28541666666666665 0.30416666666666664 0.01875 0.03796296296296296
2 0.24296875 0.5148148148148148 0.027604166666666666 0.05185185185185185
2 0.16770833333333332 0.5120370370370371 0.027083333333333334 0.05
3 0.46432291666666664 0.07453703703703704 0.005729166666666666 0.041666666666666664
3 0.5966145833333333 0.075 0.005729166666666666 0.04814814814814815