2 0.9622395833333334 0.8657407407407407 0.0171875 0.027777777777777776
2 0.84609375 0.9032407407407408 0.021354166666666667 0.03425925925925926
2 0.15598958333333332 0.8685185185185185 0.0203125 0.03518518518518519
2 0.03411458333333333 0.8171296296296297 0.0171875 0.026851851851851852
2 0.26223958333333336 0.1439814814814815 0.0078125 0.013888888888888888
2 0.3546875 0.12361111111111112 0.007291666666666667 0.013888888888888888
2 0.5322916666666667 0.1037037037037037 0.007291666666666667 0.014814814814814815
2 0.5669270833333333 0.17453703703703705 0.008854166666666666 0.01574074074074074
2 0.6643229166666667 0.18564814814814815 0.009895833333333333 0.013888888888888888
2 0.7171875 0.3712962962962963 0.017708333333333333 0.03148148148148148
2 0.7690104166666667 0.3574074074074074 0.016145833333333335 0.02962962962962963
2 0.7997395833333333 0.41759259259259257 0.016145833333333335 0.02962962962962963
2 0.75 0.4527777777777778 0.019791666666666666 0.03333333333333333
2 0.83515625 0.5023148148148148 0.0203125 0.03425925925925926
2 0.24375 0.513425925925926 0.026041666666666668 0.05277777777777778
2 0.17083333333333334 0.5106481481481482 0.028125 0.05092592592592592
2 0.34453125 0.3 0.0203125 0.03518518518518519
2 0.28619791666666666 0.3060185185185185 0.018229166666666668 0.03611111111111111
1 0.07161458333333333 0.7949074074074074 0.0328125 0.03796296296296296
0 0.08541666666666667 0.6486111111111111 0.17083333333333334 0.17685185185185184
3 0.465625 0.07453703703703704 0.00625 0.041666666666666664
3 0.5966145833333333 0.0787037037037037 0.008854166666666666 0.044444444444444446