2 0.9627604166666667 0.8643518518518518 0.018229166666666668 0.030555555555555555
2 0.8466145833333333 0.9032407407407408 0.022395833333333334 0.03425925925925926
2 0.15520833333333334 0.8699074074074075 0.020833333333333332 0.032407407407407406
2 0.03359375 0.8166666666666667 0.018229166666666668 0.03148148148148148
2 0.834375 0.5009259259259259 0.017708333333333333 0.03333333333333333
2 0.8002604166666667 0.41805555555555557 0.016145833333333335 0.030555555555555555
2 0.75 0.4537037037037037 0.017708333333333333 0.03518518518518519
2 0.76875 0.3574074074074074 0.014583333333333334 0.027777777777777776
2 0.71640625 0.3731481481481482 0.015104166666666667 0.03148148148148148
2 0.66328125 0.1837962962962963 0.0078125 0.013888888888888888
2 0.56640625 0.1736111111111111 0.0067708333333333336 0.013888888888888888
2 0.5315104166666667 0.10277777777777777 0.005729166666666666 0.014814814814814815
2 0.35442708333333334 0.12453703703703704 0.005729166666666666 0.013888888888888888
2 0.26197916666666665 0.1449074074074074 0.00625 0.013888888888888888
2 0.34401041666666665 0.30092592592592593 0.021354166666666667 0.03518518518518519
2 0.2859375 0.30694444444444446 0.01875 0.03611111111111111
2 0.24348958333333334 0.5138888888888888 0.027604166666666666 0.05185185185185185
2 0.16822916666666668 0.5106481481481482 0.026041666666666668 0.05092592592592592
3 0.59609375 0.075 0.0078125 0.05
3 0.46432291666666664 0.07361111111111111 0.0036458333333333334 0.041666666666666664