2 0.8455729166666667 0.9018518518518519 0.021354166666666667 0.02962962962962963
2 0.9627604166666667 0.8657407407407407 0.018229166666666668 0.027777777777777776
2 0.834375 0.5018518518518519 0.019791666666666666 0.03518518518518519
2 0.7484375 0.4537037037037037 0.020833333333333332 0.03518518518518519
2 0.8002604166666667 0.4166666666666667 0.015104166666666667 0.027777777777777776
2 0.7684895833333333 0.35833333333333334 0.016145833333333335 0.027777777777777776
2 0.7166666666666667 0.3731481481481482 0.015625 0.02962962962962963
2 0.6627604166666666 0.18518518518518517 0.009895833333333333 0.014814814814814815
2 0.56640625 0.1736111111111111 0.0078125 0.013888888888888888
2 0.5317708333333333 0.1037037037037037 0.007291666666666667 0.014814814814814815
2 0.35442708333333334 0.12453703703703704 0.005729166666666666 0.013888888888888888
2 0.26145833333333335 0.1439814814814815 0.007291666666666667 0.013888888888888888
2 0.15625 0.8671296296296296 0.022916666666666665 0.03425925925925926
2 0.03359375 0.8166666666666667 0.018229166666666668 0.03518518518518519
2 0.24322916666666666 0.5148148148148148 0.028125 0.05185185185185185
2 0.16822916666666668 0.5120370370370371 0.028125 0.05
2 0.34401041666666665 0.3 0.0203125 0.037037037037037035
2 0.2859375 0.30648148148148147 0.017708333333333333 0.037037037037037035
1 0.43828125 0.09398148148148149 0.0036458333333333334 0.006481481481481481
0 0.43645833333333334 0.075 0.014583333333333334 0.03518518518518519
3 0.46432291666666664 0.07314814814814814 0.005729166666666666 0.04259259259259259
3 0.5955729166666667 0.0787037037037037 0.0067708333333333336 0.040740740740740744