2 0.9630208333333333 0.8648148148148148 0.01875 0.02962962962962963
2 0.8453125 0.9027777777777778 0.020833333333333332 0.03148148148148148
2 0.8346354166666666 0.5023148148148148 0.0203125 0.032407407407407406
2 0.7486979166666666 0.4537037037037037 0.0203125 0.03148148148148148
2 0.8 0.41712962962962963 0.016666666666666666 0.028703703703703703
2 0.7692708333333333 0.3578703703703704 0.014583333333333334 0.026851851851851852
2 0.7169270833333333 0.37453703703703706 0.0171875 0.028703703703703703
2 0.6643229166666667 0.18564814814814815 0.009895833333333333 0.013888888888888888
2 0.56640625 0.17453703703703705 0.008854166666666666 0.013888888888888888
2 0.5315104166666667 0.1037037037037037 0.0067708333333333336 0.014814814814814815
2 0.35494791666666664 0.12361111111111112 0.0067708333333333336 0.013888888888888888
2 0.26197916666666665 0.14351851851851852 0.007291666666666667 0.012962962962962963
2 0.15546875 0.8689814814814815 0.0203125 0.032407407407407406
2 0.03333333333333333 0.8166666666666667 0.01875 0.027777777777777776
2 0.24322916666666666 0.5157407407407407 0.028125 0.053703703703703705
2 0.16953125 0.513425925925926 0.0265625 0.05092592592592592
2 0.34401041666666665 0.3 0.019270833333333334 0.03518518518518519
2 0.28671875 0.3060185185185185 0.018229166666666668 0.03425925925925926
3 0.5994791666666667 0.07916666666666666 0.013541666666666667 0.03981481481481482
3 0.4671875 0.07361111111111111 0.009375 0.041666666666666664
0 0.8705729166666667 0.4162037037037037 0.0671875 0.16203703703703703
1 0.8265625 0.47962962962962963 0.019791666666666666 0.02962962962962963