1 0.7765625 0.38101851851851853 0.014583333333333334 0.025
2 0.8453125 0.9018518518518519 0.020833333333333332 0.03518518518518519
2 0.9627604166666667 0.8638888888888889 0.019270833333333334 0.02962962962962963
2 0.15625 0.8712962962962963 0.020833333333333332 0.03518518518518519
2 0.03411458333333333 0.8166666666666667 0.018229166666666668 0.03518518518518519
2 0.8356770833333333 0.5018518518518519 0.021354166666666667 0.03518518518518519
2 0.74921875 0.4532407407407407 0.022395833333333334 0.03425925925925926
2 0.8002604166666667 0.4166666666666667 0.016145833333333335 0.03148148148148148
2 0.7161458333333334 0.37453703703703706 0.016666666666666666 0.028703703703703703
2 0.76796875 0.35555555555555557 0.013020833333333334 0.025925925925925925
2 0.6635416666666667 0.18564814814814815 0.010416666666666666 0.01574074074074074
2 0.56640625 0.17407407407407408 0.0078125 0.016666666666666666
2 0.5315104166666667 0.10462962962962963 0.005729166666666666 0.014814814814814815
2 0.3541666666666667 0.12361111111111112 0.00625 0.013888888888888888
2 0.26197916666666665 0.1439814814814815 0.007291666666666667 0.013888888888888888
0 0.8182291666666667 0.3453703703703704 0.06770833333333333 0.11851851851851852
3 0.46536458333333336 0.07361111111111111 0.005729166666666666 0.041666666666666664
3 0.59609375 0.08055555555555556 0.0078125 0.044444444444444446