2 0.8453125 0.9037037037037037 0.019791666666666666 0.03148148148148148
2 0.96328125 0.8638888888888889 0.018229166666666668 0.025925925925925925
2 0.8346354166666666 0.5018518518518519 0.0203125 0.03518518518518519
2 0.8 0.41712962962962963 0.014583333333333334 0.028703703703703703
2 0.74921875 0.4537037037037037 0.019270833333333334 0.03333333333333333
2 0.76796875 0.3574074074074074 0.0140625 0.027777777777777776
2 0.71640625 0.37222222222222223 0.015104166666666667 0.027777777777777776
2 0.15572916666666667 0.8689814814814815 0.021875 0.032407407407407406
2 0.034375 0.8171296296296297 0.01875 0.026851851851851852
2 0.35390625 0.12407407407407407 0.0067708333333333336 0.014814814814814815
2 0.26197916666666665 0.14351851851851852 0.00625 0.014814814814814815
2 0.56640625 0.1736111111111111 0.0067708333333333336 0.013888888888888888
2 0.5317708333333333 0.10324074074074074 0.00625 0.013888888888888888
2 0.6638020833333333 0.18425925925925926 0.008854166666666666 0.014814814814814815
2 0.34322916666666664 0.300462962962963 0.01875 0.03611111111111111
2 0.28567708333333336 0.30787037037037035 0.018229166666666668 0.03425925925925926
2 0.24322916666666666 0.513425925925926 0.027083333333333334 0.05277777777777778
2 0.16848958333333333 0.5106481481481482 0.0265625 0.04722222222222222
3 0.5958333333333333 0.07824074074074074 0.00625 0.041666666666666664
3 0.465625 0.07407407407407407 0.005208333333333333 0.04259259259259259
1 0.9330729166666667 0.9009259259259259 0.0234375 0.03333333333333333
0 0.9609375 0.9430555555555555 0.07916666666666666 0.11944444444444445