2 0.15625 0.8685185185185185 0.019791666666666666 0.03148148148148148
2 0.034375 0.8162037037037037 0.017708333333333333 0.026851851851851852
2 0.8455729166666667 0.9027777777777778 0.021354166666666667 0.03333333333333333
2 0.9625 0.8652777777777778 0.01875 0.026851851851851852
2 0.8354166666666667 0.5013888888888889 0.020833333333333332 0.032407407407407406
2 0.8 0.4166666666666667 0.014583333333333334 0.02962962962962963
2 0.74921875 0.4537037037037037 0.0203125 0.03148148148148148
2 0.7692708333333333 0.3578703703703704 0.013541666666666667 0.028703703703703703
2 0.7169270833333333 0.3736111111111111 0.016145833333333335 0.028703703703703703
2 0.6645833333333333 0.18518518518518517 0.010416666666666666 0.012962962962962963
2 0.56640625 0.175 0.0067708333333333336 0.014814814814814815
2 0.5315104166666667 0.1037037037037037 0.0067708333333333336 0.014814814814814815
2 0.35442708333333334 0.12407407407407407 0.0078125 0.014814814814814815
2 0.26171875 0.1439814814814815 0.0067708333333333336 0.013888888888888888
2 0.24192708333333332 0.5152777777777777 0.027604166666666666 0.05092592592592592
2 0.16875 0.5106481481481482 0.027083333333333334 0.049074074074074076
2 0.34401041666666665 0.30092592592592593 0.022395833333333334 0.03518518518518519
2 0.28541666666666665 0.30694444444444446 0.017708333333333333 0.03611111111111111
1 0.6033854166666667 0.16805555555555557 0.0078125 0.012037037037037037
0 0.5953125 0.1310185185185185 0.023958333333333335 0.08055555555555556
3 0.5963541666666666 0.07824074074074074 0.007291666666666667 0.041666666666666664
3 0.46510416666666665 0.07453703703703704 0.005208333333333333 0.03981481481481482