2 0.8458333333333333 0.9018518518518519 0.022916666666666665 0.03148148148148148
2 0.9625 0.8648148148148148 0.01875 0.027777777777777776
2 0.8338541666666667 0.5013888888888889 0.019791666666666666 0.03425925925925926
2 0.74921875 0.4532407407407407 0.019270833333333334 0.03425925925925926
2 0.8 0.4166666666666667 0.014583333333333334 0.03148148148148148
2 0.76875 0.35833333333333334 0.0125 0.027777777777777776
2 0.71640625 0.3736111111111111 0.016145833333333335 0.028703703703703703
2 0.6640625 0.18518518518518517 0.009375 0.014814814814814815
2 0.5661458333333333 0.17453703703703705 0.007291666666666667 0.01574074074074074
2 0.5315104166666667 0.1037037037037037 0.0067708333333333336 0.014814814814814815
2 0.3546875 0.12361111111111112 0.00625 0.013888888888888888
2 0.26197916666666665 0.14351851851851852 0.008333333333333333 0.016666666666666666
2 0.15625 0.8680555555555556 0.019791666666666666 0.03425925925925926
2 0.033854166666666664 0.8157407407407408 0.016666666666666666 0.03148148148148148
2 0.24322916666666666 0.5143518518518518 0.028125 0.05092592592592592
2 0.16848958333333333 0.5111111111111111 0.028645833333333332 0.05
2 0.34322916666666664 0.3 0.020833333333333332 0.03518518518518519
2 0.2859375 0.3055555555555556 0.01875 0.03518518518518519
3 0.5958333333333333 0.07916666666666666 0.007291666666666667 0.041666666666666664
3 0.465625 0.07407407407407407 0.005208333333333333 0.040740740740740744
1 0.54765625 0.10462962962962963 0.0046875 0.009259259259259259
0 0.5549479166666667 0.08101851851851852 0.0203125 0.04722222222222222