0 0.9354166666666667 0.9782407407407407 0.12708333333333333 0.04351851851851852
2 0.8455729166666667 0.9032407407407408 0.0203125 0.03425925925925926
2 0.9627604166666667 0.8657407407407407 0.019270833333333334 0.025925925925925925
2 0.8356770833333333 0.5013888888888889 0.019270833333333334 0.03425925925925926
2 0.74921875 0.4532407407407407 0.0203125 0.03425925925925926
2 0.80078125 0.41759259259259257 0.0171875 0.03148148148148148
2 0.7697916666666667 0.3587962962962963 0.015625 0.028703703703703703
2 0.71640625 0.3736111111111111 0.0171875 0.028703703703703703
2 0.6643229166666667 0.18518518518518517 0.008854166666666666 0.014814814814814815
2 0.5661458333333333 0.17453703703703705 0.008333333333333333 0.01574074074074074
2 0.5315104166666667 0.1037037037037037 0.0067708333333333336 0.014814814814814815
2 0.35442708333333334 0.12361111111111112 0.0067708333333333336 0.013888888888888888
2 0.26223958333333336 0.14305555555555555 0.0078125 0.01574074074074074
2 0.15520833333333334 0.8694444444444445 0.020833333333333332 0.02962962962962963
2 0.03333333333333333 0.8162037037037037 0.01875 0.028703703703703703
2 0.24270833333333333 0.5157407407407407 0.028125 0.053703703703703705
2 0.16901041666666666 0.5101851851851852 0.0296875 0.05
2 0.34453125 0.29953703703703705 0.0203125 0.03611111111111111
2 0.2864583333333333 0.3060185185185185 0.01875 0.03425925925925926
1 0.9067708333333333 0.9037037037037037 0.035416666666666666 0.037037037037037035
3 0.5963541666666666 0.07824074074074074 0.008333333333333333 0.04351851851851852
3 0.46510416666666665 0.07407407407407407 0.005208333333333333 0.044444444444444446