2 0.9622395833333334 0.8652777777777778 0.0171875 0.028703703703703703
2 0.8455729166666667 0.9009259259259259 0.0234375 0.03333333333333333
2 0.15546875 0.8680555555555556 0.0203125 0.032407407407407406
2 0.03359375 0.8152777777777778 0.0171875 0.028703703703703703
2 0.8354166666666667 0.5009259259259259 0.019791666666666666 0.03333333333333333
2 0.74921875 0.4527777777777778 0.019270833333333334 0.03333333333333333
2 0.7994791666666666 0.4166666666666667 0.015625 0.02962962962962963
2 0.76875 0.35833333333333334 0.013541666666666667 0.027777777777777776
2 0.7166666666666667 0.37175925925925923 0.015625 0.028703703703703703
2 0.6638020833333333 0.18518518518518517 0.008854166666666666 0.012962962962962963
2 0.5658854166666667 0.1736111111111111 0.0078125 0.013888888888888888
2 0.5317708333333333 0.10324074074074074 0.007291666666666667 0.013888888888888888
2 0.35442708333333334 0.12407407407407407 0.0078125 0.014814814814814815
2 0.2625 0.14537037037037037 0.00625 0.014814814814814815
2 0.24348958333333334 0.5152777777777777 0.027604166666666666 0.05092592592592592
2 0.16770833333333332 0.5097222222222222 0.028125 0.049074074074074076
2 0.34427083333333336 0.3 0.020833333333333332 0.03333333333333333
2 0.2859375 0.3055555555555556 0.017708333333333333 0.03518518518518519
1 0.7997395833333333 0.462037037037037 0.0203125 0.027777777777777776
0 0.8552083333333333 0.3976851851851852 0.090625 0.16018518518518518
3 0.59609375 0.0787037037037037 0.0067708333333333336 0.040740740740740744
3 0.46536458333333336 0.07453703703703704 0.0046875 0.03981481481481482