2 0.8455729166666667 0.9023148148148148 0.022395833333333334 0.032407407407407406
2 0.9627604166666667 0.8648148148148148 0.019270833333333334 0.027777777777777776
2 0.15598958333333332 0.8694444444444445 0.021354166666666667 0.03148148148148148
2 0.03359375 0.8162037037037037 0.018229166666666668 0.025
2 0.26145833333333335 0.14351851851851852 0.007291666666666667 0.012962962962962963
2 0.3541666666666667 0.12314814814814815 0.007291666666666667 0.012962962962962963
2 0.5322916666666667 0.10416666666666667 0.007291666666666667 0.01574074074074074
2 0.5661458333333333 0.17453703703703705 0.007291666666666667 0.013888888888888888
2 0.6638020833333333 0.18518518518518517 0.008854166666666666 0.014814814814814815
2 0.7166666666666667 0.3731481481481482 0.017708333333333333 0.02962962962962963
2 0.7690104166666667 0.3587962962962963 0.0140625 0.028703703703703703
2 0.7997395833333333 0.4162037037037037 0.0140625 0.030555555555555555
2 0.7489583333333333 0.45416666666666666 0.01875 0.032407407407407406
2 0.8348958333333333 0.5013888888888889 0.020833333333333332 0.03425925925925926
2 0.24401041666666667 0.5148148148148148 0.027604166666666666 0.05185185185185185
2 0.16875 0.5111111111111111 0.029166666666666667 0.05185185185185185
2 0.34322916666666664 0.300462962962963 0.021875 0.03425925925925926
2 0.28567708333333336 0.3060185185185185 0.0171875 0.03425925925925926
1 0.90703125 0.9027777777777778 0.0328125 0.03518518518518519
3 0.5955729166666667 0.0787037037037037 0.0067708333333333336 0.04259259259259259
3 0.46484375 0.07453703703703704 0.005729166666666666 0.041666666666666664
0 0.9661458333333334 0.9694444444444444 0.065625 0.05925925925925926