2 0.8348958333333333 0.5023148148148148 0.020833333333333332 0.03611111111111111
2 0.7513020833333334 0.4527777777777778 0.0203125 0.03333333333333333
2 0.7997395833333333 0.41574074074074074 0.0171875 0.03148148148148148
2 0.7684895833333333 0.35694444444444445 0.011979166666666667 0.026851851851851852
2 0.7184895833333333 0.3726851851851852 0.013020833333333334 0.028703703703703703
2 0.6638020833333333 0.18472222222222223 0.008854166666666666 0.013888888888888888
2 0.5666666666666667 0.1736111111111111 0.007291666666666667 0.013888888888888888
2 0.5317708333333333 0.10324074074074074 0.005208333333333333 0.013888888888888888
2 0.35442708333333334 0.12314814814814815 0.0046875 0.012962962962962963
2 0.26171875 0.14305555555555555 0.005729166666666666 0.013888888888888888
2 0.31588541666666664 0.300462962962963 0.07864583333333333 0.041666666666666664
2 0.20546875 0.5143518518518518 0.1015625 0.05092592592592592
1 0.9377604166666667 0.899537037037037 0.034895833333333334 0.03611111111111111