2 0.9625 0.8638888888888889 0.017708333333333333 0.025925925925925925
2 0.8453125 0.9018518518518519 0.021875 0.03148148148148148
2 0.15598958333333332 0.8694444444444445 0.0203125 0.03333333333333333
2 0.03333333333333333 0.8166666666666667 0.01875 0.027777777777777776
2 0.83515625 0.5013888888888889 0.018229166666666668 0.03425925925925926
2 0.7997395833333333 0.4166666666666667 0.015104166666666667 0.02962962962962963
2 0.7494791666666667 0.4532407407407407 0.019791666666666666 0.03425925925925926
2 0.7682291666666666 0.3560185185185185 0.013541666666666667 0.026851851851851852
2 0.71796875 0.37175925925925923 0.0203125 0.032407407407407406
2 0.6643229166666667 0.18518518518518517 0.009895833333333333 0.012962962962962963
2 0.5658854166666667 0.17407407407407408 0.0078125 0.014814814814814815
2 0.5317708333333333 0.10416666666666667 0.00625 0.013888888888888888
2 0.3541666666666667 0.12407407407407407 0.007291666666666667 0.012962962962962963
2 0.26197916666666665 0.14351851851851852 0.008333333333333333 0.012962962962962963
2 0.24375 0.5143518518518518 0.028125 0.049074074074074076
2 0.16848958333333333 0.5097222222222222 0.0265625 0.05092592592592592
2 0.34401041666666665 0.30092592592592593 0.021354166666666667 0.03518518518518519
2 0.28541666666666665 0.3060185185185185 0.01875 0.03425925925925926
3 0.5966145833333333 0.07916666666666666 0.0078125 0.03981481481481482
3 0.4671875 0.07453703703703704 0.008333333333333333 0.041666666666666664
1 0.013541666666666667 0.9796296296296296 0.027083333333333334 0.03148148148148148