2 0.8447916666666667 0.9027777777777778 0.021875 0.03333333333333333
2 0.9622395833333334 0.8657407407407407 0.0171875 0.02962962962962963
2 0.834375 0.5018518518518519 0.019791666666666666 0.03518518518518519
2 0.7489583333333333 0.4537037037037037 0.019791666666666666 0.03333333333333333
2 0.7994791666666666 0.41712962962962963 0.016666666666666666 0.030555555555555555
2 0.7684895833333333 0.3578703703703704 0.0140625 0.028703703703703703
2 0.7166666666666667 0.3726851851851852 0.016666666666666666 0.030555555555555555
2 0.6638020833333333 0.18564814814814815 0.009895833333333333 0.013888888888888888
2 0.5661458333333333 0.17407407407407408 0.007291666666666667 0.014814814814814815
2 0.5317708333333333 0.10277777777777777 0.00625 0.014814814814814815
2 0.35442708333333334 0.12314814814814815 0.005729166666666666 0.012962962962962963
2 0.26197916666666665 0.14351851851851852 0.00625 0.014814814814814815
2 0.15572916666666667 0.8689814814814815 0.021875 0.03425925925925926
2 0.03411458333333333 0.8162037037037037 0.018229166666666668 0.03425925925925926
2 0.24348958333333334 0.5152777777777777 0.028645833333333332 0.05648148148148148
2 0.16875 0.5115740740740741 0.028125 0.05092592592592592
2 0.34375 0.29907407407407405 0.022916666666666665 0.03518518518518519
2 0.2859375 0.3055555555555556 0.01875 0.037037037037037035
0 0.51875 0.08796296296296297 0.015625 0.05
3 0.46536458333333336 0.07453703703703704 0.005729166666666666 0.03981481481481482
3 0.59609375 0.0787037037037037 0.0067708333333333336 0.040740740740740744
1 0.5140625 0.10462962962962963 0.0020833333333333333 0.005555555555555556