2 0.9630208333333333 0.8652777777777778 0.017708333333333333 0.030555555555555555
2 0.8455729166666667 0.9027777777777778 0.021354166666666667 0.03148148148148148
2 0.834375 0.5018518518518519 0.020833333333333332 0.03333333333333333
2 0.7497395833333333 0.4537037037037037 0.0203125 0.03333333333333333
2 0.7997395833333333 0.4166666666666667 0.016145833333333335 0.027777777777777776
2 0.7169270833333333 0.37453703703703706 0.016145833333333335 0.028703703703703703
2 0.7682291666666666 0.3578703703703704 0.013541666666666667 0.026851851851851852
2 0.6640625 0.18564814814814815 0.009375 0.013888888888888888
2 0.56640625 0.175 0.0078125 0.014814814814814815
2 0.5322916666666667 0.10416666666666667 0.007291666666666667 0.013888888888888888
2 0.35442708333333334 0.12407407407407407 0.0067708333333333336 0.012962962962962963
2 0.2625 0.1449074074074074 0.007291666666666667 0.010185185185185186
2 0.15572916666666667 0.8689814814814815 0.020833333333333332 0.030555555555555555
2 0.03411458333333333 0.8171296296296297 0.016145833333333335 0.026851851851851852
2 0.24348958333333334 0.513425925925926 0.0265625 0.05092592592592592
2 0.16822916666666668 0.5111111111111111 0.028125 0.04814814814814815
2 0.34401041666666665 0.3 0.0234375 0.03518518518518519
2 0.28567708333333336 0.30648148148148147 0.018229166666666668 0.03518518518518519
3 0.5966145833333333 0.0787037037037037 0.0078125 0.040740740740740744
3 0.46458333333333335 0.07407407407407407 0.004166666666666667 0.040740740740740744
1 0.45729166666666665 0.08796296296296297 0.004166666666666667 0.007407407407407408
0 0.4671875 0.07037037037037037 0.016666666666666666 0.037037037037037035