3 0.5958333333333333 0.0763888888888889 0.00625 0.04722222222222222
3 0.46484375 0.07453703703703704 0.005729166666666666 0.041666666666666664
2 0.5317708333333333 0.10324074074074074 0.00625 0.013888888888888888
2 0.56640625 0.17407407407407408 0.008854166666666666 0.016666666666666666
2 0.6640625 0.18564814814814815 0.008333333333333333 0.013888888888888888
2 0.7166666666666667 0.3731481481481482 0.016666666666666666 0.02962962962962963
2 0.7690104166666667 0.35833333333333334 0.013020833333333334 0.027777777777777776
2 0.8 0.4162037037037037 0.014583333333333334 0.030555555555555555
2 0.7494791666666667 0.4532407407407407 0.020833333333333332 0.03425925925925926
2 0.834375 0.5013888888888889 0.01875 0.03425925925925926
2 0.84609375 0.9032407407407408 0.021354166666666667 0.030555555555555555
2 0.9627604166666667 0.8643518518518518 0.018229166666666668 0.028703703703703703
2 0.15520833333333334 0.8680555555555556 0.020833333333333332 0.030555555555555555
2 0.03411458333333333 0.8171296296296297 0.021354166666666667 0.032407407407407406
2 0.26067708333333334 0.14305555555555555 0.0078125 0.013888888888888888
2 0.3541666666666667 0.12361111111111112 0.00625 0.01574074074074074
2 0.24375 0.5138888888888888 0.030208333333333334 0.05185185185185185
2 0.16901041666666666 0.5111111111111111 0.027604166666666666 0.05
2 0.34322916666666664 0.30092592592592593 0.022916666666666665 0.03518518518518519
2 0.28567708333333336 0.30694444444444446 0.018229166666666668 0.03611111111111111
1 0.4015625 0.1587962962962963 0.00625 0.012037037037037037
0 0.41041666666666665 0.11342592592592593 0.017708333333333333 0.0712962962962963