2 0.9630208333333333 0.8634259259259259 0.017708333333333333 0.028703703703703703
2 0.8458333333333333 0.9023148148148148 0.021875 0.030555555555555555
2 0.834375 0.5009259259259259 0.021875 0.03518518518518519
2 0.8002604166666667 0.41759259259259257 0.015104166666666667 0.02962962962962963
2 0.74921875 0.4537037037037037 0.019270833333333334 0.03333333333333333
2 0.7692708333333333 0.35833333333333334 0.013541666666666667 0.027777777777777776
2 0.7171875 0.3712962962962963 0.017708333333333333 0.03518518518518519
2 0.6640625 0.18518518518518517 0.009375 0.012962962962962963
2 0.5666666666666667 0.1736111111111111 0.008333333333333333 0.01574074074074074
2 0.5322916666666667 0.10324074074074074 0.00625 0.013888888888888888
2 0.3546875 0.12361111111111112 0.00625 0.013888888888888888
2 0.26197916666666665 0.1439814814814815 0.008333333333333333 0.013888888888888888
2 0.15546875 0.8685185185185185 0.0203125 0.037037037037037035
2 0.03359375 0.8162037037037037 0.0171875 0.030555555555555555
2 0.24270833333333333 0.513425925925926 0.029166666666666667 0.05648148148148148
2 0.1703125 0.5106481481481482 0.029166666666666667 0.05092592592592592
2 0.34375 0.29907407407407405 0.020833333333333332 0.03518518518518519
2 0.28619791666666666 0.30648148148148147 0.0171875 0.03518518518518519
3 0.46640625 0.075 0.008854166666666666 0.040740740740740744
3 0.596875 0.07824074074074074 0.008333333333333333 0.041666666666666664
0 0.56015625 0.13425925925925927 0.033854166666666664 0.07777777777777778