2 0.030208333333333334 0.6277777777777778 0.00625 0.012962962962962963
2 0.00234375 0.6277777777777778 0.0046875 0.011111111111111112
1 0.6192708333333333 0.6671296296296296 0.007291666666666667 0.012037037037037037
1 0.6515625 0.625 0.004166666666666667 0.007407407407407408
1 0.5434895833333333 0.6296296296296297 0.005729166666666666 0.011111111111111112
1 0.44244791666666666 0.6300925925925925 0.0067708333333333336 0.012037037037037037
1 0.4015625 0.6203703703703703 0.00625 0.011111111111111112
1 0.32786458333333335 0.6180555555555556 0.005729166666666666 0.012037037037037037
1 0.278125 0.6175925925925926 0.00625 0.011111111111111112
1 0.26536458333333335 0.6282407407407408 0.005729166666666666 0.012037037037037037
0 0.21380208333333334 0.7675925925925926 0.0734375 0.21481481481481482
0 0.7575520833333333 0.5935185185185186 0.015104166666666667 0.07407407407407407