2 0.030208333333333334 0.6277777777777778 0.00625 0.012962962962962963
2 0.00234375 0.6277777777777778 0.0046875 0.011111111111111112
1 0.28984375 0.8402777777777778 0.018229166666666668 0.03425925925925926
1 0.035416666666666666 0.6375 0.009375 0.01574074074074074
1 0.321875 0.6328703703703704 0.00625 0.010185185185185186
1 0.46796875 0.6550925925925926 0.0078125 0.013888888888888888
1 0.5591145833333333 0.7027777777777777 0.009895833333333333 0.018518518518518517
1 0.8859375 0.6430555555555556 0.00625 0.010185185185185186
0 0.32734375 0.7847222222222222 0.07760416666666667 0.2212962962962963
0 0.5544270833333333 0.6157407407407407 0.022395833333333334 0.08148148148148149
0 0.06328125 0.6064814814814815 0.0234375 0.06481481481481481