2 0.030208333333333334 0.6277777777777778 0.00625 0.012962962962962963
2 0.00234375 0.6277777777777778 0.0046875 0.011111111111111112
1 0.34765625 0.7587962962962963 0.0140625 0.025
1 0.3640625 0.687962962962963 0.009375 0.016666666666666666
1 0.3359375 0.6305555555555555 0.00625 0.011111111111111112
1 0.42942708333333335 0.6546296296296297 0.0078125 0.014814814814814815
1 0.42630208333333336 0.6305555555555555 0.005729166666666666 0.011111111111111112
1 0.45598958333333334 0.6555555555555556 0.0078125 0.012962962962962963
1 0.65546875 0.5995370370370371 0.008854166666666666 0.013888888888888888
0 0.6666666666666666 0.7509259259259259 0.05520833333333333 0.1962962962962963
0 0.90390625 0.6333333333333333 0.022395833333333334 0.09444444444444444