2 0.030208333333333334 0.6277777777777778 0.00625 0.012962962962962963
2 0.00234375 0.6277777777777778 0.0046875 0.011111111111111112
1 0.0875 0.7615740740740741 0.015625 0.025
1 0.30885416666666665 0.6328703703703704 0.00625 0.010185185185185186
1 0.4203125 0.6402777777777777 0.00625 0.010185185185185186
1 0.528125 0.6101851851851852 0.005208333333333333 0.011111111111111112
1 0.6419270833333334 0.7032407407407407 0.009895833333333333 0.017592592592592594
1 0.6213541666666667 0.7893518518518519 0.014583333333333334 0.026851851851851852
1 0.8591145833333333 0.6541666666666667 0.0067708333333333336 0.012037037037037037
0 0.48776041666666664 0.763425925925926 0.06927083333333334 0.23055555555555557
0 0.8731770833333333 0.6226851851851852 0.021354166666666667 0.08055555555555556