2 0.030208333333333334 0.6277777777777778 0.00625 0.012962962962962963
2 0.00234375 0.6277777777777778 0.0046875 0.011111111111111112
1 0.08177083333333333 0.6569444444444444 0.010416666666666666 0.01574074074074074
1 0.19765625 0.6342592592592593 0.0067708333333333336 0.011111111111111112
1 0.24348958333333334 0.674074074074074 0.008854166666666666 0.014814814814814815
1 0.3203125 0.6351851851851852 0.00625 0.011111111111111112
1 0.4434895833333333 0.6601851851851852 0.0078125 0.012962962962962963
1 0.6669270833333333 0.8847222222222222 0.0203125 0.03611111111111111
1 0.7 0.6435185185185185 0.015625 0.02962962962962963
0 0.6434895833333333 0.7865740740740741 0.0515625 0.28425925925925927
0 0.5895833333333333 0.6898148148148148 0.029166666666666667 0.18703703703703703
0 0.6114583333333333 0.6226851851851852 0.015625 0.08796296296296297