2 0.030208333333333334 0.6277777777777778 0.00625 0.012962962962962963
2 0.00234375 0.6277777777777778 0.0046875 0.011111111111111112
1 0.08359375 0.6564814814814814 0.009895833333333333 0.014814814814814815
1 0.24296875 0.6731481481481482 0.009895833333333333 0.014814814814814815
1 0.28854166666666664 0.5902777777777778 0.00625 0.010185185185185186
1 0.32057291666666665 0.6356481481481482 0.0067708333333333336 0.010185185185185186
1 0.44296875 0.6601851851851852 0.0078125 0.014814814814814815
1 0.59765625 0.6560185185185186 0.0067708333333333336 0.013888888888888888
1 0.6161458333333333 0.6754629629629629 0.009375 0.012037037037037037
0 0.18359375 0.836574074074074 0.0921875 0.3287037037037037
0 0.80859375 0.6231481481481481 0.0234375 0.08518518518518518