2 0.030208333333333334 0.6277777777777778 0.00625 0.012962962962962963
2 0.00234375 0.6277777777777778 0.0046875 0.011111111111111112
1 0.34427083333333336 0.7592592592592593 0.013541666666666667 0.024074074074074074
1 0.36432291666666666 0.687037037037037 0.009895833333333333 0.016666666666666666
1 0.33619791666666665 0.6305555555555555 0.0067708333333333336 0.011111111111111112
1 0.4265625 0.6319444444444444 0.00625 0.010185185185185186
1 0.42942708333333335 0.6541666666666667 0.0078125 0.013888888888888888
1 0.45598958333333334 0.6555555555555556 0.0078125 0.012962962962962963
1 0.6653645833333334 0.6189814814814815 0.005729166666666666 0.010185185185185186
0 0.28619791666666666 0.7680555555555556 0.0578125 0.24537037037037038
0 0.90390625 0.6328703703703704 0.021354166666666667 0.09166666666666666