2 0.030208333333333334 0.6277777777777778 0.00625 0.012962962962962963
2 0.00234375 0.6277777777777778 0.0046875 0.011111111111111112
1 0.23645833333333333 0.9685185185185186 0.029166666666666667 0.05
1 0.26536458333333335 0.6277777777777778 0.0067708333333333336 0.011111111111111112
1 0.278125 0.6175925925925926 0.007291666666666667 0.009259259259259259
1 0.4015625 0.6203703703703703 0.00625 0.011111111111111112
1 0.44244791666666666 0.6296296296296297 0.0067708333333333336 0.011111111111111112
1 0.5432291666666667 0.6291666666666667 0.00625 0.012037037037037037
1 0.56875 0.6555555555555556 0.007291666666666667 0.012962962962962963
1 0.6518229166666667 0.625 0.0046875 0.007407407407407408
0 0.7911458333333333 0.5944444444444444 0.01875 0.07407407407407407
0 0.3533854166666667 0.7662037037037037 0.08072916666666667 0.1935185185185185