2 0.030208333333333334 0.6277777777777778 0.00625 0.012962962962962963
2 0.00234375 0.6277777777777778 0.0046875 0.011111111111111112
1 0.8421875 0.9810185185185185 0.028125 0.03796296296296296
1 0.46588541666666666 0.8629629629629629 0.018229166666666668 0.03518518518518519
1 0.36432291666666666 0.687037037037037 0.009895833333333333 0.016666666666666666
1 0.42942708333333335 0.6546296296296297 0.0078125 0.012962962962962963
1 0.4557291666666667 0.6560185185185186 0.007291666666666667 0.013888888888888888
1 0.42630208333333336 0.6310185185185185 0.005729166666666666 0.010185185185185186
1 0.36666666666666664 0.5925925925925926 0.005208333333333333 0.011111111111111112
0 0.71953125 0.7837962962962963 0.05677083333333333 0.2657407407407407
0 0.9041666666666667 0.6324074074074074 0.020833333333333332 0.09259259259259259