2 0.030208333333333334 0.6277777777777778 0.00625 0.012962962962962963
2 0.00234375 0.6277777777777778 0.0046875 0.011111111111111112
1 0.6565104166666667 0.937962962962963 0.021354166666666667 0.04259259259259259
1 0.08098958333333334 0.6569444444444444 0.009895833333333333 0.01574074074074074
1 0.19765625 0.6342592592592593 0.0067708333333333336 0.012962962962962963
1 0.24270833333333333 0.6736111111111112 0.009375 0.01574074074074074
1 0.32083333333333336 0.6351851851851852 0.00625 0.011111111111111112
1 0.44296875 0.6592592592592592 0.0078125 0.014814814814814815
1 0.5994791666666667 0.637962962962963 0.008333333333333333 0.012962962962962963
0 0.6247395833333333 0.8333333333333334 0.06822916666666666 0.3351851851851852
0 0.5783854166666667 0.7 0.0296875 0.19444444444444445
0 0.6111979166666667 0.6212962962962963 0.019270833333333334 0.08333333333333333