2 0.030208333333333334 0.6277777777777778 0.00625 0.012962962962962963
2 0.00234375 0.6277777777777778 0.0046875 0.011111111111111112
1 0.08125 0.6569444444444444 0.011458333333333333 0.017592592592592594
1 0.24296875 0.6736111111111112 0.008854166666666666 0.01574074074074074
1 0.22213541666666667 0.6333333333333333 0.0078125 0.011111111111111112
1 0.32057291666666665 0.6361111111111111 0.005729166666666666 0.011111111111111112
1 0.4427083333333333 0.6597222222222222 0.008333333333333333 0.013888888888888888
1 0.5973958333333333 0.6564814814814814 0.007291666666666667 0.012962962962962963
1 0.6166666666666667 0.6754629629629629 0.008333333333333333 0.012037037037037037
0 0.46041666666666664 0.7916666666666666 0.05 0.3037037037037037
0 0.7182291666666667 0.6208333333333333 0.030208333333333334 0.08611111111111111