2 0.030208333333333334 0.6277777777777778 0.00625 0.012962962962962963
2 0.00234375 0.6277777777777778 0.0046875 0.011111111111111112
1 0.3065104166666667 0.7657407407407407 0.0140625 0.025925925925925925
1 0.4510416666666667 0.6666666666666666 0.008333333333333333 0.014814814814814815
1 0.4791666666666667 0.6310185185185185 0.00625 0.010185185185185186
1 0.49322916666666666 0.6412037037037037 0.004166666666666667 0.012037037037037037
1 0.6078125 0.6560185185185186 0.007291666666666667 0.012037037037037037
1 0.6104166666666667 0.6689814814814815 0.005208333333333333 0.013888888888888888
1 0.8359375 0.7467592592592592 0.013541666666666667 0.023148148148148147
0 0.54609375 0.7638888888888888 0.10052083333333334 0.2388888888888889
0 0.8705729166666667 0.6291666666666667 0.0234375 0.08981481481481482