2 0.030208333333333334 0.6277777777777778 0.00625 0.012962962962962963
2 0.00234375 0.6277777777777778 0.0046875 0.011111111111111112
1 0.30625 0.7662037037037037 0.013541666666666667 0.025
1 0.24348958333333334 0.8694444444444445 0.0203125 0.027777777777777776
1 0.4505208333333333 0.6657407407407407 0.008333333333333333 0.014814814814814815
1 0.4934895833333333 0.6421296296296296 0.0036458333333333334 0.010185185185185186
1 0.48515625 0.6310185185185185 0.0046875 0.010185185185185186
1 0.6075520833333333 0.6564814814814814 0.0067708333333333336 0.012962962962962963
1 0.6109375 0.6689814814814815 0.005208333333333333 0.013888888888888888
1 0.8796875 0.7268518518518519 0.011458333333333333 0.018518518518518517
0 0.2643229166666667 0.7675925925925926 0.07760416666666667 0.26481481481481484
0 0.8713541666666667 0.6277777777777778 0.022916666666666665 0.08888888888888889