2 0.030208333333333334 0.6277777777777778 0.00625 0.012962962962962963
2 0.00234375 0.6277777777777778 0.0046875 0.011111111111111112
1 0.58046875 0.8481481481481481 0.0328125 0.06481481481481481
1 0.5875 0.6231481481481481 0.00625 0.009259259259259259
1 0.490625 0.6268518518518519 0.004166666666666667 0.012962962962962963
1 0.39427083333333335 0.6300925925925925 0.00625 0.012037037037037037
1 0.3307291666666667 0.6310185185185185 0.00625 0.012037037037037037
1 0.30625 0.6134259259259259 0.007291666666666667 0.010185185185185186
0 0.29453125 0.6148148148148148 0.0171875 0.08888888888888889
0 0.4864583333333333 0.8782407407407408 0.08020833333333334 0.24351851851851852
0 0.6078125 0.5912037037037037 0.028125 0.0712962962962963