2 0.030208333333333334 0.6277777777777778 0.00625 0.012962962962962963
2 0.00234375 0.6277777777777778 0.0046875 0.011111111111111112
1 0.30625 0.7657407407407407 0.013541666666666667 0.024074074074074074
1 0.45078125 0.6666666666666666 0.0078125 0.014814814814814815
1 0.48046875 0.6486111111111111 0.0067708333333333336 0.012037037037037037
1 0.4934895833333333 0.6425925925925926 0.0046875 0.011111111111111112
1 0.6109375 0.6689814814814815 0.005208333333333333 0.012037037037037037
1 0.6078125 0.6560185185185186 0.007291666666666667 0.012037037037037037
1 0.9520833333333333 0.6851851851851852 0.009375 0.012962962962962963
0 0.3171875 0.7143518518518519 0.051041666666666666 0.21388888888888888
0 0.9567708333333333 0.6425925925925926 0.021875 0.09814814814814815