2 0.030208333333333334 0.6277777777777778 0.00625 0.012962962962962963
2 0.00234375 0.6277777777777778 0.0046875 0.011111111111111112
1 0.5421875 0.6277777777777778 0.007291666666666667 0.011111111111111112
1 0.5338541666666666 0.6356481481481482 0.007291666666666667 0.012037037037037037
1 0.44192708333333336 0.6300925925925925 0.0067708333333333336 0.010185185185185186
1 0.40130208333333334 0.6199074074074075 0.005729166666666666 0.010185185185185186
1 0.278125 0.6180555555555556 0.007291666666666667 0.010185185185185186
1 0.26588541666666665 0.6277777777777778 0.0067708333333333336 0.011111111111111112
1 0.6515625 0.625 0.005208333333333333 0.007407407407407408
0 0.5854166666666667 0.7583333333333333 0.06354166666666666 0.1962962962962963
0 0.790625 0.5944444444444444 0.015625 0.07592592592592592