2 0.030208333333333334 0.6277777777777778 0.00625 0.012962962962962963
2 0.00234375 0.6277777777777778 0.0046875 0.011111111111111112
1 0.32109375 0.8439814814814814 0.018229166666666668 0.032407407407407406
1 0.20260416666666667 0.663425925925926 0.009375 0.01574074074074074
1 0.41848958333333336 0.6361111111111111 0.005729166666666666 0.009259259259259259
1 0.5013020833333334 0.6898148148148148 0.008854166666666666 0.014814814814814815
1 0.62109375 0.6509259259259259 0.0036458333333333334 0.012962962962962963
1 0.62421875 0.6680555555555555 0.0078125 0.012037037037037037
1 0.6416666666666667 0.6523148148148148 0.00625 0.012037037037037037
1 0.7893229166666667 0.6425925925925926 0.0067708333333333336 0.011111111111111112
0 0.31588541666666664 0.7578703703703704 0.07447916666666667 0.24351851851851852
0 0.79921875 0.6111111111111112 0.0203125 0.07037037037037037