2 0.030208333333333334 0.6277777777777778 0.00625 0.012962962962962963
2 0.00234375 0.6277777777777778 0.0046875 0.011111111111111112
1 0.027604166666666666 0.6125 0.008333333333333333 0.01574074074074074
1 0.28932291666666665 0.8458333333333333 0.018229166666666668 0.028703703703703703
1 0.06692708333333333 0.6310185185185185 0.008854166666666666 0.012037037037037037
1 0.3216145833333333 0.6333333333333333 0.0067708333333333336 0.011111111111111112
1 0.46770833333333334 0.6550925925925926 0.008333333333333333 0.013888888888888888
1 0.5544270833333333 0.6513888888888889 0.0067708333333333336 0.012037037037037037
1 0.8859375 0.6430555555555556 0.00625 0.012037037037037037
0 0.3 0.7722222222222223 0.053125 0.24259259259259258
0 0.5927083333333333 0.624537037037037 0.020833333333333332 0.09166666666666666
0 0.046614583333333334 0.6041666666666666 0.021354166666666667 0.06759259259259259