2 0.030208333333333334 0.6277777777777778 0.00625 0.012962962962962963
2 0.00234375 0.6277777777777778 0.0046875 0.011111111111111112
1 0.28854166666666664 0.8666666666666667 0.019791666666666666 0.03148148148148148
1 0.03671875 0.6273148148148148 0.0078125 0.012037037037037037
1 0.06692708333333333 0.6310185185185185 0.0078125 0.012037037037037037
1 0.321875 0.6333333333333333 0.00625 0.009259259259259259
1 0.46796875 0.6546296296296297 0.0078125 0.012962962962962963
1 0.5546875 0.6509259259259259 0.007291666666666667 0.012962962962962963
1 0.8861979166666667 0.6430555555555556 0.0067708333333333336 0.010185185185185186
0 0.2953125 0.7773148148148148 0.051041666666666666 0.23981481481481481
0 0.6145833333333334 0.6328703703703704 0.019791666666666666 0.09907407407407408
0 0.05234375 0.5962962962962963 0.0171875 0.06851851851851852