2 0.030208333333333334 0.6277777777777778 0.00625 0.012962962962962963
2 0.00234375 0.6277777777777778 0.0046875 0.011111111111111112
1 0.08098958333333334 0.6564814814814814 0.009895833333333333 0.014814814814814815
1 0.24322916666666666 0.675 0.009375 0.016666666666666666
1 0.24088541666666666 0.6324074074074074 0.0067708333333333336 0.012962962962962963
1 0.32083333333333336 0.6356481481481482 0.00625 0.012037037037037037
1 0.44296875 0.6597222222222222 0.0078125 0.013888888888888888
1 0.59765625 0.6564814814814814 0.0067708333333333336 0.012962962962962963
1 0.6166666666666667 0.675 0.007291666666666667 0.012962962962962963
0 0.41770833333333335 0.8300925925925926 0.071875 0.3398148148148148
0 0.75859375 0.6231481481481481 0.027604166666666666 0.08333333333333333