2 0.030208333333333334 0.6277777777777778 0.00625 0.012962962962962963
2 0.00234375 0.6277777777777778 0.0046875 0.011111111111111112
1 0.1234375 0.6518518518518519 0.009375 0.014814814814814815
1 0.24296875 0.674074074074074 0.008854166666666666 0.014814814814814815
1 0.321875 0.7106481481481481 0.015625 0.026851851851851852
1 0.32083333333333336 0.6356481481481482 0.00625 0.012037037037037037
1 0.4427083333333333 0.6597222222222222 0.008333333333333333 0.013888888888888888
1 0.5932291666666667 0.6722222222222223 0.008333333333333333 0.014814814814814815
1 0.59765625 0.6555555555555556 0.0067708333333333336 0.012962962962962963
0 0.26171875 0.7925925925925926 0.08489583333333334 0.28888888888888886
0 0.8192708333333333 0.6212962962962963 0.023958333333333335 0.08333333333333333