2 0.030208333333333334 0.6277777777777778 0.00625 0.012962962962962963
2 0.00234375 0.6277777777777778 0.0046875 0.011111111111111112
1 0.30755208333333334 0.7680555555555556 0.0140625 0.025
1 0.45078125 0.6662037037037037 0.0078125 0.013888888888888888
1 0.48515625 0.6564814814814814 0.0046875 0.012962962962962963
1 0.49296875 0.6407407407407407 0.0036458333333333334 0.011111111111111112
1 0.6078125 0.6560185185185186 0.007291666666666667 0.012037037037037037
1 0.6106770833333334 0.6689814814814815 0.0046875 0.012037037037037037
1 0.9963541666666667 0.7555555555555555 0.007291666666666667 0.022222222222222223
0 0.3015625 0.6925925925925925 0.0375 0.18888888888888888
0 0.9479166666666666 0.6430555555555556 0.029166666666666667 0.09537037037037037