2 0.030208333333333334 0.6277777777777778 0.00625 0.012962962962962963
2 0.00234375 0.6277777777777778 0.0046875 0.011111111111111112
1 0.9421875 0.6671296296296296 0.007291666666666667 0.012037037037037037
1 0.7755208333333333 0.6685185185185185 0.007291666666666667 0.012962962962962963
1 0.7145833333333333 0.6513888888888889 0.00625 0.010185185185185186
1 0.6692708333333334 0.6990740740740741 0.00625 0.016666666666666666
1 0.6080729166666666 0.6351851851851852 0.005729166666666666 0.009259259259259259
1 0.44583333333333336 0.6717592592592593 0.008333333333333333 0.013888888888888888
1 0.459375 0.6342592592592593 0.00625 0.009259259259259259
0 0.16875 0.7824074074074074 0.090625 0.2962962962962963
0 0.8747395833333333 0.6203703703703703 0.022395833333333334 0.07592592592592592