2 0.030208333333333334 0.6277777777777778 0.00625 0.012962962962962963
2 0.00234375 0.6277777777777778 0.0046875 0.011111111111111112
1 0.4859375 0.7712962962962963 0.013541666666666667 0.025925925925925925
1 0.45260416666666664 0.7277777777777777 0.011458333333333333 0.020370370370370372
1 0.3828125 0.663425925925926 0.008333333333333333 0.013888888888888888
1 0.3815104166666667 0.6421296296296296 0.0067708333333333336 0.012037037037037037
1 0.45625 0.6388888888888888 0.007291666666666667 0.011111111111111112
1 0.5192708333333333 0.6324074074074074 0.00625 0.011111111111111112
1 0.06536458333333334 0.6689814814814815 0.0109375 0.017592592592592594
0 0.3494791666666667 0.6925925925925925 0.05520833333333333 0.17777777777777778
0 0.9002604166666667 0.6310185185185185 0.022395833333333334 0.09351851851851851