0 0.56796875 0.5768518518518518 0.049479166666666664 0.18703703703703703
0 0.50234375 0.49953703703703706 0.018229166666666668 0.06018518518518518
0 0.7096354166666666 0.6875 0.059895833333333336 0.32685185185185184
1 0.5059895833333333 0.5282407407407408 0.005729166666666666 0.006481481481481481
1 0.3614583333333333 0.6921296296296297 0.016666666666666666 0.030555555555555555
1 0.5015625 0.7986111111111112 0.022916666666666665 0.041666666666666664
1 0.51328125 0.7013888888888888 0.0171875 0.030555555555555555
1 0.7020833333333333 0.8027777777777778 0.011458333333333333 0.037037037037037035
1 0.65546875 0.7041666666666667 0.016145833333333335 0.030555555555555555
3 0.93125 0.537962962962963 0.014583333333333334 0.1
3 0.9953125 0.5388888888888889 0.009375 0.09814814814814815