0 0.49583333333333335 0.6912037037037037 0.071875 0.3453703703703704
0 0.3299479166666667 0.49953703703703706 0.024479166666666666 0.08796296296296297
0 0.5591145833333333 0.5930555555555556 0.04635416666666667 0.18796296296296297
0 0.38385416666666666 0.6736111111111112 0.06354166666666666 0.3212962962962963
1 0.5666666666666667 0.799074074074074 0.022916666666666665 0.044444444444444446
1 0.6549479166666666 0.7037037037037037 0.016145833333333335 0.03148148148148148
1 0.7638020833333333 0.7814814814814814 0.0203125 0.037037037037037035
1 0.35703125 0.7935185185185185 0.021354166666666667 0.024074074074074074
1 0.52734375 0.6861111111111111 0.015104166666666667 0.025925925925925925
1 0.5236979166666667 0.7 0.016145833333333335 0.027777777777777776
3 0.9341145833333333 0.538425925925926 0.008854166666666666 0.09907407407407408
3 0.9971354166666667 0.5393518518518519 0.005729166666666666 0.09722222222222222