0 0.43828125 0.6893518518518519 0.08385416666666666 0.3416666666666667
0 0.37005208333333334 0.5 0.024479166666666666 0.09259259259259259
0 0.4908854166666667 0.6041666666666666 0.0453125 0.20462962962962963
0 0.3966145833333333 0.6736111111111112 0.0390625 0.30462962962962964
1 0.3528645833333333 0.7861111111111111 0.022395833333333334 0.04259259259259259
1 0.5669270833333333 0.8009259259259259 0.0234375 0.040740740740740744
1 0.5234375 0.7 0.017708333333333333 0.02962962962962963
1 0.465625 0.700925925925926 0.013541666666666667 0.02962962962962963
1 0.6549479166666666 0.7032407407407407 0.0171875 0.030555555555555555
1 0.7643229166666666 0.7833333333333333 0.022395833333333334 0.037037037037037035
3 0.9338541666666667 0.538425925925926 0.009375 0.09907407407407408
3 0.9971354166666667 0.5402777777777777 0.005729166666666666 0.09537037037037037