0 0.29244791666666664 0.6023148148148149 0.07552083333333333 0.24351851851851852
0 0.6489583333333333 0.5092592592592593 0.021875 0.0962962962962963
0 0.8192708333333333 0.6615740740740741 0.04479166666666667 0.2898148148148148
1 0.6549479166666666 0.5 0.0078125 0.014814814814814815
1 0.76015625 0.7972222222222223 0.022395833333333334 0.04259259259259259
1 0.6203125 0.7018518518518518 0.016666666666666666 0.03148148148148148
1 0.51328125 0.7 0.0171875 0.02962962962962963
1 0.38958333333333334 0.6972222222222222 0.015625 0.03148148148148148
1 0.4203125 0.6375 0.014583333333333334 0.025
3 0.93203125 0.5375 0.013020833333333334 0.09907407407407408
3 0.9963541666666667 0.5388888888888889 0.007291666666666667 0.09814814814814815