0 0.8515625 0.7291666666666666 0.07291666666666667 0.38425925925925924
0 0.32786458333333335 0.4875 0.018229166666666668 0.08611111111111111
0 0.6234375 0.6162037037037037 0.06354166666666666 0.21944444444444444
0 0.1765625 0.5935185185185186 0.0625 0.22777777777777777
1 0.8192708333333333 0.8625 0.029166666666666667 0.05462962962962963
1 0.7817708333333333 0.7902777777777777 0.021875 0.041666666666666664
1 0.6559895833333333 0.7092592592592593 0.015104166666666667 0.018518518518518517
1 0.5236979166666667 0.6995370370370371 0.0171875 0.030555555555555555
1 0.3216145833333333 0.5462962962962963 0.008854166666666666 0.016666666666666666
1 0.19010416666666666 0.524537037037037 0.008333333333333333 0.013888888888888888
3 0.93203125 0.538425925925926 0.013020833333333334 0.09907407407407408
3 0.9966145833333333 0.5393518518518519 0.0067708333333333336 0.09722222222222222