0 0.49140625 0.575462962962963 0.030729166666666665 0.19722222222222222
0 0.47734375 0.5060185185185185 0.016145833333333335 0.01574074074074074
0 0.4578125 0.6300925925925925 0.058333333333333334 0.2564814814814815
1 0.47604166666666664 0.7018518518518518 0.016666666666666666 0.03148148148148148
1 0.5135416666666667 0.7013888888888888 0.016666666666666666 0.032407407407407406
1 0.46927083333333336 0.5351851851851852 0.00625 0.011111111111111112
1 0.3614583333333333 0.6921296296296297 0.016666666666666666 0.030555555555555555
1 0.6552083333333333 0.7046296296296296 0.016666666666666666 0.03148148148148148
1 0.5059895833333333 0.5277777777777778 0.0067708333333333336 0.007407407407407408
3 0.9330729166666667 0.537962962962963 0.0109375 0.09814814814814815
3 0.996875 0.5393518518518519 0.00625 0.09722222222222222