0 0.2565104166666667 0.6685185185185185 0.0671875 0.3148148148148148
0 0.8213541666666667 0.5421296296296296 0.027083333333333334 0.125
0 0.7002604166666667 0.6842592592592592 0.0703125 0.31296296296296294
1 0.6205729166666667 0.7037037037037037 0.0171875 0.03333333333333333
1 0.6322916666666667 0.8231481481481482 0.025 0.046296296296296294
1 0.5127604166666667 0.700925925925926 0.0171875 0.03148148148148148
1 0.30234375 0.7893518518518519 0.0234375 0.04351851851851852
1 0.3893229166666667 0.6962962962962963 0.0171875 0.02962962962962963
1 0.6729166666666667 0.8111111111111111 0.019791666666666666 0.014814814814814815
3 0.9294270833333333 0.5375 0.018229166666666668 0.10092592592592593
3 0.9971354166666667 0.5388888888888889 0.005729166666666666 0.09814814814814815