0 0.13567708333333334 0.6935185185185185 0.09427083333333333 0.35185185185185186
0 0.19375 0.5666666666666667 0.023958333333333335 0.12777777777777777
0 0.2171875 0.7689814814814815 0.08020833333333334 0.44537037037037036
0 0.6502604166666667 0.6180555555555556 0.059895833333333336 0.23055555555555557
1 0.3731770833333333 0.7907407407407407 0.022395833333333334 0.04259259259259259
1 0.390625 0.6949074074074074 0.017708333333333333 0.030555555555555555
1 0.5473958333333333 0.8004629629629629 0.021875 0.041666666666666664
1 0.5419270833333333 0.7013888888888888 0.0171875 0.030555555555555555
1 0.7145833333333333 0.8041666666666667 0.023958333333333335 0.041666666666666664
1 0.6661458333333333 0.7087962962962963 0.007291666666666667 0.023148148148148147
3 0.9341145833333333 0.538425925925926 0.008854166666666666 0.09907407407407408
3 0.9971354166666667 0.5388888888888889 0.005729166666666666 0.09814814814814815