0 0.9640625 0.7148148148148148 0.065625 0.30185185185185187
0 0.59375 0.5481481481481482 0.023958333333333335 0.12222222222222222
0 0.9059895833333333 0.7287037037037037 0.07760416666666667 0.35
0 0.7213541666666666 0.6791666666666667 0.08229166666666667 0.2935185185185185
1 0.3768229166666667 0.8263888888888888 0.0265625 0.04722222222222222
1 0.5598958333333334 0.799074074074074 0.023958333333333335 0.04259259259259259
1 0.7489583333333333 0.8273148148148148 0.027083333333333334 0.03611111111111111
1 0.58046875 0.5453703703703704 0.009895833333333333 0.018518518518518517
1 0.41015625 0.9893518518518518 0.0328125 0.021296296296296296
3 0.934375 0.537962962962963 0.009375 0.10185185185185185
3 0.99609375 0.537962962962963 0.0078125 0.10185185185185185