0 0.6421875 0.6564814814814814 0.05416666666666667 0.24074074074074073
0 0.36796875 0.5027777777777778 0.0140625 0.06111111111111111
0 0.5924479166666666 0.6847222222222222 0.06302083333333333 0.3175925925925926
0 0.35703125 0.612037037037037 0.058854166666666666 0.24074074074074073
1 0.5119791666666667 0.5337962962962963 0.00625 0.012037037037037037
1 0.36484375 0.7527777777777778 0.021354166666666667 0.03518518518518519
1 0.41953125 0.6986111111111111 0.0171875 0.030555555555555555
1 0.5609375 0.7018518518518518 0.016666666666666666 0.03148148148148148
1 0.67734375 0.7101851851851851 0.0171875 0.03148148148148148
3 0.93515625 0.5388888888888889 0.0109375 0.1
3 0.9966145833333333 0.5388888888888889 0.0067708333333333336 0.09814814814814815