3 0.9864583333333333 0.31712962962962965 0.027083333333333334 0.062037037037037036
3 0.93359375 0.28055555555555556 0.025520833333333333 0.05925925925925926
3 0.0640625 0.2875 0.027083333333333334 0.06018518518518518
3 0.015104166666666667 0.32175925925925924 0.030208333333333334 0.06759259259259259
1 0.6033854166666667 0.22546296296296298 0.0067708333333333336 0.010185185185185186
1 0.5963541666666666 0.22592592592592592 0.00625 0.011111111111111112
1 0.5651041666666666 0.2212962962962963 0.00625 0.011111111111111112
1 0.5583333333333333 0.22037037037037038 0.007291666666666667 0.012962962962962963
1 0.5505208333333333 0.2222222222222222 0.007291666666666667 0.011111111111111112
1 0.5434895833333333 0.22175925925925927 0.005729166666666666 0.010185185185185186
1 0.5369791666666667 0.22268518518518518 0.00625 0.010185185185185186