3 0.9854166666666667 0.31712962962962965 0.028125 0.06388888888888888
3 0.9328125 0.2810185185185185 0.026041666666666668 0.058333333333333334
3 0.014322916666666666 0.32222222222222224 0.028645833333333332 0.06666666666666667
3 0.06328125 0.28703703703703703 0.0265625 0.06111111111111111
1 0.6028645833333334 0.22592592592592592 0.0067708333333333336 0.009259259259259259
1 0.5953125 0.22546296296296298 0.007291666666666667 0.012037037037037037
1 0.5643229166666667 0.2212962962962963 0.005729166666666666 0.011111111111111112
1 0.5580729166666667 0.2222222222222222 0.0067708333333333336 0.011111111111111112
1 0.5497395833333333 0.2222222222222222 0.0078125 0.011111111111111112
1 0.5427083333333333 0.2212962962962963 0.00625 0.011111111111111112
1 0.5364583333333334 0.22314814814814815 0.00625 0.009259259259259259