3 0.9859375 0.3162037037037037 0.028125 0.06574074074074074
3 0.9328125 0.2810185185185185 0.025 0.058333333333333334
3 0.014322916666666666 0.32222222222222224 0.028645833333333332 0.06666666666666667
3 0.0625 0.2861111111111111 0.028125 0.06111111111111111
1 0.6028645833333334 0.22592592592592592 0.005729166666666666 0.009259259259259259
1 0.5955729166666667 0.225 0.0067708333333333336 0.011111111111111112
1 0.5643229166666667 0.22083333333333333 0.005729166666666666 0.010185185185185186
1 0.5578125 0.22175925925925927 0.00625 0.010185185185185186
1 0.5494791666666666 0.22268518518518518 0.007291666666666667 0.012037037037037037
1 0.5427083333333333 0.2212962962962963 0.00625 0.011111111111111112
1 0.5361979166666667 0.22314814814814815 0.0067708333333333336 0.009259259259259259