3 0.9861979166666667 0.31157407407407406 0.027604166666666666 0.062037037037037036
3 0.9341145833333333 0.2763888888888889 0.025520833333333333 0.058333333333333334
3 0.06328125 0.2902777777777778 0.027604166666666666 0.06018518518518518
3 0.015104166666666667 0.32592592592592595 0.030208333333333334 0.06666666666666667
1 0.6028645833333334 0.22314814814814815 0.0067708333333333336 0.009259259259259259
1 0.5950520833333334 0.22268518518518518 0.0078125 0.013888888888888888
1 0.5643229166666667 0.21851851851851853 0.005729166666666666 0.011111111111111112
1 0.5575520833333333 0.2199074074074074 0.0067708333333333336 0.010185185185185186
1 0.5486979166666667 0.22037037037037038 0.0067708333333333336 0.011111111111111112
1 0.5427083333333333 0.21944444444444444 0.00625 0.011111111111111112
1 0.5361979166666667 0.22083333333333333 0.0067708333333333336 0.010185185185185186