3 0.9856770833333334 0.31712962962962965 0.028645833333333332 0.06388888888888888
3 0.9322916666666666 0.2814814814814815 0.025 0.05925925925925926
3 0.06276041666666667 0.2865740740740741 0.0265625 0.06018518518518518
3 0.014322916666666666 0.3226851851851852 0.028645833333333332 0.06574074074074074
0 0.0234375 0.30416666666666664 0.027083333333333334 0.06388888888888888
1 0.6028645833333334 0.22592592592592592 0.005729166666666666 0.009259259259259259
1 0.5963541666666666 0.22592592592592592 0.005208333333333333 0.009259259259259259
1 0.5640625 0.2212962962962963 0.00625 0.011111111111111112
1 0.5578125 0.22175925925925927 0.00625 0.010185185185185186
1 0.5494791666666666 0.2222222222222222 0.007291666666666667 0.011111111111111112
1 0.5427083333333333 0.2222222222222222 0.00625 0.011111111111111112
1 0.5361979166666667 0.22268518518518518 0.0067708333333333336 0.010185185185185186