3 0.98671875 0.31805555555555554 0.0265625 0.062037037037037036
3 0.9338541666666667 0.2810185185185185 0.025 0.058333333333333334
3 0.0640625 0.2875 0.027083333333333334 0.06018518518518518
3 0.01640625 0.32314814814814813 0.028645833333333332 0.06666666666666667
1 0.6033854166666667 0.22592592592592592 0.0067708333333333336 0.009259259259259259
1 0.59609375 0.22546296296296298 0.0067708333333333336 0.012037037037037037
1 0.5651041666666666 0.2212962962962963 0.00625 0.011111111111111112
1 0.5588541666666667 0.22268518518518518 0.00625 0.010185185185185186
1 0.55 0.22314814814814815 0.00625 0.011111111111111112
1 0.54375 0.2222222222222222 0.00625 0.011111111111111112
1 0.5372395833333333 0.22314814814814815 0.0067708333333333336 0.011111111111111112