3 0.9856770833333334 0.31666666666666665 0.028645833333333332 0.06481481481481481
3 0.9325520833333333 0.2810185185185185 0.025520833333333333 0.06018518518518518
3 0.014583333333333334 0.3226851851851852 0.029166666666666667 0.06759259259259259
3 0.06302083333333333 0.287962962962963 0.027083333333333334 0.06111111111111111
1 0.6028645833333334 0.2263888888888889 0.0067708333333333336 0.010185185185185186
1 0.5953125 0.225 0.007291666666666667 0.011111111111111112
1 0.5640625 0.2212962962962963 0.00625 0.011111111111111112
1 0.5578125 0.2222222222222222 0.00625 0.011111111111111112
1 0.5494791666666666 0.22268518518518518 0.007291666666666667 0.012037037037037037
1 0.5424479166666667 0.22175925925925927 0.0067708333333333336 0.012037037037037037
1 0.5359375 0.22268518518518518 0.00625 0.010185185185185186