3 0.9765625 0.3106481481481482 0.028125 0.06388888888888888
3 0.9239583333333333 0.27546296296296297 0.023958333333333335 0.05648148148148148
3 0.05078125 0.2912037037037037 0.03177083333333333 0.06018518518518518
3 0.009114583333333334 0.3398148148148148 0.018229166666666668 0.040740740740740744
1 0.5583333333333333 0.21712962962962962 0.00625 0.012037037037037037
1 0.5520833333333334 0.21944444444444444 0.00625 0.011111111111111112
1 0.54375 0.21944444444444444 0.00625 0.011111111111111112
1 0.5369791666666667 0.21944444444444444 0.00625 0.011111111111111112
1 0.5309895833333333 0.22083333333333333 0.0067708333333333336 0.010185185185185186
1 0.596875 0.2212962962962963 0.00625 0.009259259259259259
1 0.5895833333333333 0.2212962962962963 0.007291666666666667 0.012962962962962963