3 0.9856770833333334 0.31666666666666665 0.028645833333333332 0.06296296296296296
3 0.9325520833333333 0.2810185185185185 0.025520833333333333 0.058333333333333334
3 0.061197916666666664 0.28703703703703703 0.030729166666666665 0.06111111111111111
3 0.014583333333333334 0.3226851851851852 0.029166666666666667 0.06574074074074074
1 0.6028645833333334 0.225 0.0067708333333333336 0.009259259259259259
1 0.5955729166666667 0.22592592592592592 0.0067708333333333336 0.011111111111111112
1 0.5643229166666667 0.2212962962962963 0.005729166666666666 0.011111111111111112
1 0.5580729166666667 0.2222222222222222 0.0067708333333333336 0.011111111111111112
1 0.5497395833333333 0.22268518518518518 0.0067708333333333336 0.012037037037037037
1 0.5432291666666667 0.2212962962962963 0.00625 0.011111111111111112
1 0.5361979166666667 0.22314814814814815 0.0067708333333333336 0.009259259259259259