3 0.9856770833333334 0.31805555555555554 0.028645833333333332 0.062037037037037036
3 0.9325520833333333 0.2810185185185185 0.025520833333333333 0.058333333333333334
3 0.014322916666666666 0.32222222222222224 0.028645833333333332 0.06666666666666667
3 0.06276041666666667 0.28703703703703703 0.027604166666666666 0.05925925925925926
1 0.6028645833333334 0.22546296296296298 0.0067708333333333336 0.008333333333333333
1 0.5955729166666667 0.22546296296296298 0.0067708333333333336 0.012037037037037037
1 0.5640625 0.2212962962962963 0.00625 0.011111111111111112
1 0.5578125 0.2222222222222222 0.00625 0.009259259259259259
1 0.5494791666666666 0.2222222222222222 0.00625 0.011111111111111112
1 0.5427083333333333 0.2222222222222222 0.00625 0.011111111111111112
1 0.5364583333333334 0.22361111111111112 0.00625 0.010185185185185186