3 0.9856770833333334 0.3175925925925926 0.028645833333333332 0.06296296296296296
3 0.9317708333333333 0.2810185185185185 0.025 0.058333333333333334
3 0.06276041666666667 0.28703703703703703 0.0265625 0.06111111111111111
3 0.014322916666666666 0.3226851851851852 0.028645833333333332 0.06574074074074074
1 0.60234375 0.22592592592592592 0.0067708333333333336 0.009259259259259259
1 0.5953125 0.22546296296296298 0.00625 0.010185185185185186
1 0.5640625 0.22083333333333333 0.00625 0.010185185185185186
1 0.5578125 0.2222222222222222 0.00625 0.011111111111111112
1 0.54921875 0.22314814814814815 0.0067708333333333336 0.011111111111111112
1 0.54296875 0.22175925925925927 0.005729166666666666 0.010185185185185186
1 0.5361979166666667 0.22268518518518518 0.0067708333333333336 0.010185185185185186
0 0.44088541666666664 0.22037037037037038 0.04114583333333333 0.09814814814814815