3 0.9854166666666667 0.3175925925925926 0.029166666666666667 0.06296296296296296
3 0.9322916666666666 0.2824074074074074 0.025 0.05925925925925926
3 0.014322916666666666 0.32314814814814813 0.028645833333333332 0.06481481481481481
3 0.06302083333333333 0.28703703703703703 0.028125 0.06111111111111111
1 0.6028645833333334 0.22592592592592592 0.0067708333333333336 0.009259259259259259
1 0.59609375 0.22546296296296298 0.005729166666666666 0.010185185185185186
1 0.5640625 0.2212962962962963 0.00625 0.011111111111111112
1 0.5575520833333333 0.22268518518518518 0.0067708333333333336 0.010185185185185186
1 0.54921875 0.2222222222222222 0.0067708333333333336 0.011111111111111112
1 0.5427083333333333 0.2222222222222222 0.00625 0.011111111111111112
1 0.5361979166666667 0.22268518518518518 0.0067708333333333336 0.010185185185185186