3 0.9856770833333334 0.31805555555555554 0.028645833333333332 0.062037037037037036
3 0.9330729166666667 0.2824074074074074 0.0265625 0.05740740740740741
3 0.014322916666666666 0.32222222222222224 0.028645833333333332 0.06666666666666667
3 0.06328125 0.2865740740740741 0.0265625 0.06018518518518518
1 0.6028645833333334 0.22592592592592592 0.0067708333333333336 0.009259259259259259
1 0.5955729166666667 0.22546296296296298 0.0067708333333333336 0.010185185185185186
1 0.5640625 0.2212962962962963 0.00625 0.011111111111111112
1 0.5578125 0.22268518518518518 0.00625 0.010185185185185186
1 0.5497395833333333 0.22314814814814815 0.0067708333333333336 0.011111111111111112
1 0.5427083333333333 0.2222222222222222 0.00625 0.011111111111111112
1 0.5361979166666667 0.22314814814814815 0.0067708333333333336 0.009259259259259259