3 0.9854166666666667 0.3175925925925926 0.029166666666666667 0.06296296296296296
3 0.93203125 0.2810185185185185 0.024479166666666666 0.058333333333333334
3 0.014583333333333334 0.32222222222222224 0.029166666666666667 0.06666666666666667
3 0.06302083333333333 0.2875 0.027083333333333334 0.06018518518518518
1 0.6028645833333334 0.22592592592592592 0.0067708333333333336 0.009259259259259259
1 0.5953125 0.225 0.007291666666666667 0.011111111111111112
1 0.5640625 0.22175925925925927 0.00625 0.010185185185185186
1 0.5578125 0.2222222222222222 0.00625 0.011111111111111112
1 0.5494791666666666 0.22268518518518518 0.007291666666666667 0.012037037037037037
1 0.54296875 0.2222222222222222 0.005729166666666666 0.011111111111111112
1 0.5361979166666667 0.22314814814814815 0.0067708333333333336 0.009259259259259259
0 0.3763020833333333 0.2324074074074074 0.03697916666666667 0.09444444444444444