3 0.9765625 0.30972222222222223 0.029166666666666667 0.06388888888888888
3 0.9239583333333333 0.27546296296296297 0.023958333333333335 0.05648148148148148
3 0.051041666666666666 0.2898148148148148 0.03125 0.06111111111111111
3 0.009114583333333334 0.33935185185185185 0.018229166666666668 0.04351851851851852
1 0.5966145833333333 0.22361111111111112 0.0067708333333333336 0.010185185185185186
1 0.5893229166666667 0.2222222222222222 0.0067708333333333336 0.012962962962962963
1 0.5583333333333333 0.21805555555555556 0.00625 0.010185185185185186
1 0.5520833333333334 0.21805555555555556 0.00625 0.012037037037037037
1 0.5434895833333333 0.21944444444444444 0.0067708333333333336 0.011111111111111112
1 0.5369791666666667 0.21944444444444444 0.00625 0.011111111111111112
1 0.53046875 0.2199074074074074 0.0067708333333333336 0.010185185185185186