3 0.9859375 0.3175925925925926 0.028125 0.06481481481481481
3 0.9322916666666666 0.2814814814814815 0.026041666666666668 0.05925925925925926
3 0.06302083333333333 0.28703703703703703 0.027083333333333334 0.06111111111111111
3 0.014583333333333334 0.32222222222222224 0.029166666666666667 0.06666666666666667
1 0.6028645833333334 0.22546296296296298 0.0067708333333333336 0.010185185185185186
1 0.5955729166666667 0.22546296296296298 0.0067708333333333336 0.010185185185185186
1 0.5643229166666667 0.2212962962962963 0.0067708333333333336 0.011111111111111112
1 0.5578125 0.22083333333333333 0.00625 0.012037037037037037
1 0.54921875 0.22268518518518518 0.0067708333333333336 0.012037037037037037
1 0.5424479166666667 0.2212962962962963 0.0067708333333333336 0.011111111111111112
1 0.5359375 0.22268518518518518 0.00625 0.010185185185185186