3 0.9859375 0.31712962962962965 0.028125 0.062037037037037036
3 0.93203125 0.2810185185185185 0.025520833333333333 0.06018518518518518
3 0.06302083333333333 0.2865740740740741 0.027083333333333334 0.06018518518518518
3 0.014322916666666666 0.32175925925925924 0.028645833333333332 0.06759259259259259
1 0.6028645833333334 0.225 0.0067708333333333336 0.009259259259259259
1 0.5955729166666667 0.22546296296296298 0.0067708333333333336 0.010185185185185186
1 0.5645833333333333 0.2212962962962963 0.00625 0.011111111111111112
1 0.5580729166666667 0.2222222222222222 0.0067708333333333336 0.011111111111111112
1 0.5494791666666666 0.2222222222222222 0.007291666666666667 0.011111111111111112
1 0.54296875 0.2222222222222222 0.005729166666666666 0.011111111111111112
1 0.5364583333333334 0.22268518518518518 0.007291666666666667 0.010185185185185186