3 0.9859375 0.3175925925925926 0.028125 0.06481481481481481
3 0.9325520833333333 0.28194444444444444 0.025520833333333333 0.058333333333333334
3 0.06302083333333333 0.2865740740740741 0.027083333333333334 0.06018518518518518
3 0.014322916666666666 0.32222222222222224 0.028645833333333332 0.06666666666666667
1 0.6026041666666667 0.22546296296296298 0.00625 0.008333333333333333
1 0.5958333333333333 0.22592592592592592 0.00625 0.009259259259259259
1 0.5643229166666667 0.22083333333333333 0.005729166666666666 0.010185185185185186
1 0.5575520833333333 0.2222222222222222 0.0067708333333333336 0.009259259259259259
1 0.54921875 0.2222222222222222 0.0067708333333333336 0.011111111111111112
1 0.5427083333333333 0.2222222222222222 0.00625 0.011111111111111112
1 0.5361979166666667 0.22268518518518518 0.0067708333333333336 0.010185185185185186