3 0.9859375 0.31666666666666665 0.028125 0.06296296296296296
3 0.9328125 0.2810185185185185 0.025 0.058333333333333334
3 0.06302083333333333 0.28703703703703703 0.027083333333333334 0.06111111111111111
3 0.014322916666666666 0.32222222222222224 0.028645833333333332 0.06666666666666667
1 0.6028645833333334 0.22546296296296298 0.0067708333333333336 0.008333333333333333
1 0.5955729166666667 0.22546296296296298 0.0067708333333333336 0.010185185185185186
1 0.5640625 0.2212962962962963 0.00625 0.011111111111111112
1 0.5578125 0.22083333333333333 0.00625 0.012037037037037037
1 0.5497395833333333 0.2222222222222222 0.0067708333333333336 0.011111111111111112
1 0.5427083333333333 0.2222222222222222 0.00625 0.011111111111111112
1 0.5361979166666667 0.22314814814814815 0.0067708333333333336 0.009259259259259259