3 0.9856770833333334 0.31805555555555554 0.028645833333333332 0.062037037037037036
3 0.93203125 0.2814814814814815 0.025520833333333333 0.05740740740740741
3 0.06328125 0.2875 0.0265625 0.06018518518518518
3 0.014583333333333334 0.3226851851851852 0.029166666666666667 0.06759259259259259
1 0.6026041666666667 0.22592592592592592 0.007291666666666667 0.009259259259259259
1 0.5955729166666667 0.22546296296296298 0.0067708333333333336 0.010185185185185186
1 0.5640625 0.2212962962962963 0.00625 0.011111111111111112
1 0.5575520833333333 0.22175925925925927 0.0067708333333333336 0.010185185185185186
1 0.5494791666666666 0.2222222222222222 0.007291666666666667 0.011111111111111112
1 0.5427083333333333 0.2222222222222222 0.00625 0.011111111111111112
1 0.5364583333333334 0.22314814814814815 0.00625 0.009259259259259259