3 0.9765625 0.3138888888888889 0.028125 0.06296296296296296
3 0.92421875 0.2796296296296296 0.024479166666666666 0.05925925925925926
3 0.0578125 0.29907407407407405 0.028125 0.05925925925925926
3 0.012239583333333333 0.34074074074074073 0.024479166666666666 0.05555555555555555
1 0.5973958333333333 0.23148148148148148 0.007291666666666667 0.009259259259259259
1 0.58984375 0.2310185185185185 0.0067708333333333336 0.012037037037037037
1 0.559375 0.22777777777777777 0.00625 0.011111111111111112
1 0.553125 0.22870370370370371 0.00625 0.011111111111111112
1 0.5442708333333334 0.22916666666666666 0.00625 0.010185185185185186
1 0.5380208333333333 0.22870370370370371 0.00625 0.011111111111111112
1 0.5315104166666667 0.2300925925925926 0.0067708333333333336 0.010185185185185186