3 0.9861979166666667 0.31574074074074077 0.027604166666666666 0.06481481481481481
3 0.9328125 0.2814814814814815 0.026041666666666668 0.05740740740740741
3 0.014322916666666666 0.32175925925925924 0.028645833333333332 0.06759259259259259
3 0.06302083333333333 0.28703703703703703 0.027083333333333334 0.06111111111111111
1 0.6028645833333334 0.22592592592592592 0.0067708333333333336 0.011111111111111112
1 0.5953125 0.22546296296296298 0.007291666666666667 0.012037037037037037
1 0.5640625 0.22083333333333333 0.00625 0.010185185185185186
1 0.5575520833333333 0.2212962962962963 0.0067708333333333336 0.011111111111111112
1 0.5494791666666666 0.2222222222222222 0.007291666666666667 0.011111111111111112
1 0.5427083333333333 0.22175925925925927 0.00625 0.012037037037037037
1 0.5361979166666667 0.22314814814814815 0.0067708333333333336 0.009259259259259259