3 0.9854166666666667 0.31805555555555554 0.029166666666666667 0.062037037037037036
3 0.93203125 0.2800925925925926 0.025520833333333333 0.06018518518518518
3 0.06276041666666667 0.2865740740740741 0.0265625 0.06018518518518518
3 0.014322916666666666 0.3226851851851852 0.028645833333333332 0.06574074074074074
1 0.6028645833333334 0.22592592592592592 0.0067708333333333336 0.009259259259259259
1 0.5953125 0.22592592592592592 0.007291666666666667 0.011111111111111112
1 0.5640625 0.2212962962962963 0.00625 0.011111111111111112
1 0.5575520833333333 0.2222222222222222 0.0067708333333333336 0.011111111111111112
1 0.54921875 0.22314814814814815 0.0067708333333333336 0.011111111111111112
1 0.5427083333333333 0.22175925925925927 0.00625 0.010185185185185186
1 0.5364583333333334 0.22314814814814815 0.00625 0.009259259259259259