3 0.9859375 0.3162037037037037 0.028125 0.06574074074074074
3 0.9328125 0.2814814814814815 0.025 0.05925925925925926
3 0.06302083333333333 0.2865740740740741 0.027083333333333334 0.062037037037037036
3 0.014322916666666666 0.32175925925925924 0.028645833333333332 0.06944444444444445
1 0.6026041666666667 0.22546296296296298 0.007291666666666667 0.008333333333333333
1 0.5955729166666667 0.22546296296296298 0.0067708333333333336 0.010185185185185186
1 0.5640625 0.2212962962962963 0.00625 0.011111111111111112
1 0.5578125 0.2222222222222222 0.00625 0.011111111111111112
1 0.5497395833333333 0.22268518518518518 0.0067708333333333336 0.012037037037037037
1 0.54296875 0.22175925925925927 0.0067708333333333336 0.012037037037037037
1 0.5364583333333334 0.22268518518518518 0.00625 0.010185185185185186