3 0.9856770833333334 0.31805555555555554 0.028645833333333332 0.06388888888888888
3 0.9328125 0.2824074074074074 0.026041666666666668 0.05740740740740741
3 0.06276041666666667 0.2865740740740741 0.0265625 0.06018518518518518
3 0.014322916666666666 0.3226851851851852 0.028645833333333332 0.06574074074074074
1 0.6028645833333334 0.22546296296296298 0.0067708333333333336 0.008333333333333333
1 0.5955729166666667 0.22546296296296298 0.0067708333333333336 0.010185185185185186
1 0.5640625 0.2212962962962963 0.00625 0.011111111111111112
1 0.5575520833333333 0.22268518518518518 0.0067708333333333336 0.010185185185185186
1 0.54921875 0.22314814814814815 0.0067708333333333336 0.011111111111111112
1 0.5427083333333333 0.2222222222222222 0.00625 0.011111111111111112
1 0.5361979166666667 0.22314814814814815 0.0067708333333333336 0.011111111111111112
0 0.39427083333333335 0.2199074074074074 0.04375 0.09351851851851851