3 0.9856770833333334 0.31712962962962965 0.028645833333333332 0.06388888888888888
3 0.9325520833333333 0.2810185185185185 0.025520833333333333 0.058333333333333334
3 0.06302083333333333 0.2861111111111111 0.027083333333333334 0.06111111111111111
3 0.014583333333333334 0.3226851851851852 0.029166666666666667 0.06759259259259259
1 0.6026041666666667 0.22592592592592592 0.00625 0.009259259259259259
1 0.5953125 0.22546296296296298 0.007291666666666667 0.010185185185185186
1 0.5640625 0.22083333333333333 0.00625 0.010185185185185186
1 0.5580729166666667 0.22175925925925927 0.0067708333333333336 0.010185185185185186
1 0.5494791666666666 0.22314814814814815 0.007291666666666667 0.011111111111111112
1 0.5427083333333333 0.2212962962962963 0.00625 0.011111111111111112
1 0.5361979166666667 0.22268518518518518 0.0067708333333333336 0.010185185185185186