1 0.00234375 0.24537037037037038 0.0046875 0.009259259259259259
1 0.13151041666666666 0.21712962962962962 0.008854166666666666 0.013888888888888888
1 0.012239583333333333 0.26851851851851855 0.0067708333333333336 0.012962962962962963
2 0.012760416666666666 0.2513888888888889 0.0036458333333333334 0.013888888888888888
2 0.9083333333333333 0.17731481481481481 0.004166666666666667 0.010185185185185186
2 0.82734375 0.1175925925925926 0.0036458333333333334 0.009259259259259259
2 0.8072916666666666 0.11990740740740741 0.004166666666666667 0.010185185185185186
2 0.7143229166666667 0.09768518518518518 0.0046875 0.012037037037037037
2 0.734375 0.11296296296296296 0.005208333333333333 0.012962962962962963
2 0.58125 0.05925925925925926 0.005208333333333333 0.012962962962962963
2 0.57734375 0.05555555555555555 0.0046875 0.012962962962962963
2 0.52734375 0.05555555555555555 0.0046875 0.012962962962962963
2 0.5244791666666667 0.052314814814814814 0.004166666666666667 0.013888888888888888
2 0.5815104166666667 0.08611111111111111 0.0046875 0.012962962962962963
2 0.5666666666666667 0.07962962962962963 0.004166666666666667 0.012962962962962963
2 0.55703125 0.0837962962962963 0.0046875 0.012037037037037037
2 0.5440104166666667 0.07916666666666666 0.0046875 0.012037037037037037
2 0.53359375 0.08194444444444444 0.005729166666666666 0.013888888888888888
2 0.6822916666666666 0.22916666666666666 0.013541666666666667 0.03796296296296296
2 0.8036458333333333 0.4925925925925926 0.026041666666666668 0.06666666666666667
2 0.8239583333333333 0.7217592592592592 0.022916666666666665 0.03981481481481482
2 0.01640625 0.36342592592592593 0.013020833333333334 0.019444444444444445
2 0.15546875 0.2111111111111111 0.009895833333333333 0.012962962962962963
2 0.32083333333333336 0.2 0.014583333333333334 0.020370370370370372
2 0.24817708333333333 0.13148148148148148 0.0078125 0.011111111111111112
2 0.05625 0.2462962962962963 0.008333333333333333 0.011111111111111112
3 0.2203125 0.6087962962962963 0.096875 0.3638888888888889
0 0.17161458333333332 0.7912037037037037 0.16302083333333334 0.36574074074074076