2 0.8361979166666667 0.8064814814814815 0.0067708333333333336 0.018518518518518517
2 0.8171875 0.8027777777777778 0.007291666666666667 0.018518518518518517
2 0.7690104166666667 0.8152777777777778 0.0067708333333333336 0.019444444444444445
2 0.75078125 0.8092592592592592 0.0067708333333333336 0.018518518518518517
2 0.6984375 0.7851851851851852 0.004166666666666667 0.012962962962962963
2 0.7177083333333333 0.7861111111111111 0.003125 0.009259259259259259
2 0.715625 0.7833333333333333 0.003125 0.009259259259259259
2 0.68203125 0.7842592592592592 0.0036458333333333334 0.009259259259259259
2 0.5854166666666667 0.7916666666666666 0.004166666666666667 0.011111111111111112
2 0.5708333333333333 0.7819444444444444 0.004166666666666667 0.010185185185185186
2 0.334375 0.9402777777777778 0.022916666666666665 0.05462962962962963
2 0.3924479166666667 0.8361111111111111 0.0109375 0.02962962962962963
2 0.39947916666666666 0.7717592592592593 0.007291666666666667 0.019444444444444445
3 0.6947916666666667 0.8888888888888888 0.025 0.19444444444444445
3 0.7848958333333333 0.9097222222222222 0.023958333333333335 0.1824074074074074
0 0.775 0.937037037037037 0.058333333333333334 0.1259259259259259
0 0.06796875 0.6902777777777778 0.0171875 0.0712962962962963