0 0.83515625 0.6143518518518518 0.09947916666666666 0.17685185185185184
0 0.01875 0.2662037037037037 0.030208333333333334 0.0712962962962963
3 0.7658854166666667 0.44675925925925924 0.05572916666666667 0.2324074074074074
3 0.87421875 0.6884259259259259 0.1078125 0.24537037037037038
2 0.896875 0.2263888888888889 0.008333333333333333 0.021296296296296296
2 0.8755208333333333 0.2037037037037037 0.008333333333333333 0.020370370370370372
2 0.8252604166666667 0.20046296296296295 0.008854166666666666 0.023148148148148147
2 0.8052083333333333 0.17731481481481481 0.008333333333333333 0.023148148148148147
2 0.7234375 0.09351851851851851 0.004166666666666667 0.011111111111111112
2 0.74375 0.1050925925925926 0.003125 0.010185185185185186
2 0.7421875 0.09861111111111111 0.003125 0.012037037037037037
2 0.7611979166666667 0.1037037037037037 0.0036458333333333334 0.011111111111111112
2 0.7645833333333333 0.11064814814814815 0.004166666666666667 0.012037037037037037
2 0.30130208333333336 0.5523148148148148 0.027604166666666666 0.062037037037037036
2 0.3958333333333333 0.0912037037037037 0.009375 0.021296296296296296
2 0.3802083333333333 0.23935185185185184 0.015625 0.03981481481481482
2 0.6145833333333334 0.09074074074074075 0.004166666666666667 0.012962962962962963
2 0.5971354166666667 0.06851851851851852 0.0046875 0.011111111111111112