2 0.70234375 0.7111111111111111 0.005729166666666666 0.018518518518518517
2 0.6841145833333333 0.7050925925925926 0.005729166666666666 0.017592592592592594
2 0.6416666666666667 0.7152777777777778 0.00625 0.019444444444444445
2 0.6236979166666666 0.7083333333333334 0.0067708333333333336 0.020370370370370372
2 0.5885416666666666 0.6777777777777778 0.003125 0.009259259259259259
2 0.5864583333333333 0.675 0.003125 0.011111111111111112
2 0.24296875 0.8870370370370371 0.021354166666666667 0.05740740740740741
2 0.2794270833333333 0.7412037037037037 0.013020833333333334 0.032407407407407406
2 0.2752604166666667 0.6583333333333333 0.0078125 0.018518518518518517
2 0.5708333333333333 0.6777777777777778 0.003125 0.009259259259259259
2 0.5541666666666667 0.6731481481481482 0.003125 0.011111111111111112
2 0.56953125 0.674537037037037 0.0036458333333333334 0.010185185185185186
2 0.4630208333333333 0.6787037037037037 0.004166666666666667 0.011111111111111112
2 0.4471354166666667 0.6657407407407407 0.0036458333333333334 0.011111111111111112
3 0.6885416666666667 0.8685185185185185 0.030208333333333334 0.22962962962962963
3 0.5984375 0.8064814814814815 0.020833333333333332 0.18518518518518517
0 0.009635416666666667 0.5962962962962963 0.018229166666666668 0.09814814814814815