2 0.7984375 0.14814814814814814 0.004166666666666667 0.003703703703703704
2 0.76953125 0.12685185185185185 0.0036458333333333334 0.003703703703703704
2 0.7526041666666666 0.13518518518518519 0.008333333333333333 0.020370370370370372
2 0.73125 0.11851851851851852 0.007291666666666667 0.018518518518518517
2 0.68125 0.06759259259259259 0.005208333333333333 0.005555555555555556
2 0.6684895833333333 0.06111111111111111 0.0046875 0.003703703703703704
2 0.68359375 0.12731481481481483 0.009895833333333333 0.021296296296296296
2 0.6606770833333333 0.11157407407407408 0.0109375 0.021296296296296296
2 0.615625 0.05138888888888889 0.004166666666666667 0.010185185185185186
2 0.6190104166666667 0.056018518518518516 0.0046875 0.010185185185185186
2 0.596875 0.049074074074074076 0.003125 0.009259259259259259
2 0.5984375 0.055092592592592596 0.003125 0.010185185185185186
2 0.5791666666666667 0.04861111111111111 0.003125 0.010185185185185186
2 0.47213541666666664 0.07037037037037037 0.0046875 0.012962962962962963
2 0.45390625 0.052314814814814814 0.0036458333333333334 0.012037037037037037
2 0.25286458333333334 0.12314814814814815 0.008854166666666666 0.022222222222222223
2 0.24505208333333334 0.28055555555555556 0.021354166666666667 0.044444444444444446
2 0.19765625 0.6226851851851852 0.030729166666666665 0.06388888888888888
3 0.64453125 0.3699074074074074 0.0390625 0.23055555555555557
3 0.7627604166666667 0.5564814814814815 0.07447916666666667 0.25555555555555554
0 0.88671875 0.6527777777777778 0.1359375 0.32037037037037036