3 0.43854166666666666 0.05787037037037037 0.004166666666666667 0.05277777777777778
3 0.5908854166666667 0.06898148148148148 0.008854166666666666 0.05277777777777778
2 0.43984375 0.062037037037037036 0.0036458333333333334 0.012962962962962963
2 0.5177083333333333 0.09814814814814815 0.00625 0.018518518518518517
2 0.6572916666666667 0.19444444444444445 0.010416666666666666 0.018518518518518517
2 0.55625 0.18009259259259258 0.009375 0.017592592592592594
2 0.7489583333333333 0.36342592592592593 0.014583333333333334 0.032407407407407406
2 0.7294270833333333 0.44351851851851853 0.0171875 0.03518518518518519
2 0.7010416666666667 0.37453703703703706 0.015625 0.030555555555555555
2 0.7755208333333333 0.4152777777777778 0.013541666666666667 0.032407407407407406
2 0.8046875 0.48518518518518516 0.016666666666666666 0.03518518518518519
2 0.3216145833333333 0.2986111111111111 0.0203125 0.03981481481481482
2 0.26197916666666665 0.30416666666666664 0.016666666666666666 0.03981481481481482
2 0.03177083333333333 0.7958333333333333 0.016666666666666666 0.028703703703703703
2 0.14375 0.8425925925925926 0.020833333333333332 0.03518518518518519
2 0.9270833333333334 0.8245370370370371 0.015625 0.028703703703703703
2 0.8325520833333333 0.8546296296296296 0.018229166666666668 0.03518518518518519
2 0.15520833333333334 0.6976851851851852 0.030208333333333334 0.05092592592592592
2 0.14869791666666668 0.5180555555555556 0.027604166666666666 0.05648148148148148
1 0.011979166666666667 0.9495370370370371 0.021875 0.058333333333333334