1 0.5856770833333333 0.3287037037037037 0.008854166666666666 0.018518518518518517
1 0.5052083333333334 0.23425925925925925 0.004166666666666667 0.009259259259259259
1 0.5015625 0.2351851851851852 0.003125 0.007407407407407408
1 0.50703125 0.24768518518518517 0.005729166666666666 0.010185185185185186
1 0.28411458333333334 0.2722222222222222 0.0067708333333333336 0.012962962962962963
1 0.36276041666666664 0.26342592592592595 0.0067708333333333336 0.012037037037037037
1 0.3859375 0.262037037037037 0.005208333333333333 0.011111111111111112
1 0.41041666666666665 0.2412037037037037 0.005208333333333333 0.008333333333333333
0 0.3763020833333333 0.2273148148148148 0.016145833333333335 0.0787037037037037
0 0.5864583333333333 0.22824074074074074 0.010416666666666666 0.05462962962962963
0 0.3026041666666667 0.21296296296296297 0.014583333333333334 0.07777777777777778