0 0.35520833333333335 0.2884259259259259 0.028125 0.125
0 0.6583333333333333 0.2712962962962963 0.03125 0.07592592592592592
0 0.31145833333333334 0.19768518518518519 0.011458333333333333 0.06388888888888888
0 0.37447916666666664 0.19490740740740742 0.015625 0.05462962962962963
1 0.6221354166666667 0.5175925925925926 0.022395833333333334 0.037037037037037035
1 0.4192708333333333 0.26296296296296295 0.00625 0.011111111111111112
1 0.4278645833333333 0.2300925925925926 0.0046875 0.008333333333333333
1 0.42109375 0.2273148148148148 0.005729166666666666 0.008333333333333333
1 0.5497395833333333 0.2625 0.005729166666666666 0.010185185185185186
1 0.6479166666666667 0.30185185185185187 0.005208333333333333 0.011111111111111112
1 0.32369791666666664 0.22546296296296298 0.0046875 0.010185185185185186