0 0.2869791666666667 0.45601851851851855 0.058333333333333334 0.24722222222222223
0 0.7010416666666667 0.2601851851851852 0.017708333333333333 0.05740740740740741
0 0.29713541666666665 0.19768518518518519 0.016145833333333335 0.062037037037037036
0 0.37473958333333335 0.19537037037037036 0.015104166666666667 0.05555555555555555
1 0.2578125 0.49398148148148147 0.016666666666666666 0.030555555555555555
1 0.4278645833333333 0.22962962962962963 0.0046875 0.009259259259259259
1 0.42083333333333334 0.2273148148148148 0.005208333333333333 0.008333333333333333
1 0.4192708333333333 0.26296296296296295 0.00625 0.011111111111111112
1 0.5979166666666667 0.2611111111111111 0.005208333333333333 0.009259259259259259
1 0.5497395833333333 0.2625 0.005729166666666666 0.010185185185185186
1 0.32578125 0.22546296296296298 0.0046875 0.008333333333333333