1 0.8138020833333334 0.6050925925925926 0.0109375 0.019444444444444445
1 0.77421875 0.5805555555555556 0.011979166666666667 0.020370370370370372
1 0.73984375 0.5625 0.009895833333333333 0.019444444444444445
1 0.696875 0.5435185185185185 0.0125 0.018518518518518517
1 0.66796875 0.5268518518518519 0.0109375 0.018518518518518517
1 0.86640625 0.4759259259259259 0.0046875 0.007407407407407408
1 0.8416666666666667 0.46296296296296297 0.004166666666666667 0.009259259259259259
1 0.8653645833333333 0.46944444444444444 0.0046875 0.007407407407407408
0 0.62578125 0.5958333333333333 0.06927083333333334 0.22870370370370371
0 0.53359375 0.45925925925925926 0.027604166666666666 0.12777777777777777
0 0.5494791666666666 0.5546296296296296 0.06041666666666667 0.22962962962962963