1 0.81328125 0.6018518518518519 0.011979166666666667 0.020370370370370372
1 0.7747395833333334 0.5810185185185185 0.009895833333333333 0.019444444444444445
1 0.7390625 0.5634259259259259 0.010416666666666666 0.019444444444444445
1 0.6677083333333333 0.525 0.010416666666666666 0.016666666666666666
1 0.6377604166666667 0.5097222222222222 0.009895833333333333 0.017592592592592594
1 0.6966145833333334 0.5430555555555555 0.0067708333333333336 0.017592592592592594
1 0.8661458333333333 0.475462962962963 0.005208333333333333 0.008333333333333333
1 0.8416666666666667 0.4638888888888889 0.004166666666666667 0.007407407407407408
0 0.5361979166666667 0.5064814814814815 0.025520833333333333 0.16666666666666666
0 0.6971354166666667 0.5046296296296297 0.03802083333333333 0.15925925925925927
0 0.7578125 0.5435185185185185 0.040625 0.17407407407407408