3 0.0109375 0.23194444444444445 0.020833333333333332 0.041666666666666664
3 0.053385416666666664 0.18888888888888888 0.028645833333333332 0.05185185185185185
3 0.9822916666666667 0.2375 0.034375 0.058333333333333334
3 0.9325520833333333 0.19675925925925927 0.0296875 0.05462962962962963
1 0.475 0.07453703703703704 0.004166666666666667 0.008333333333333333
1 0.48489583333333336 0.0837962962962963 0.003125 0.006481481481481481
1 0.48125 0.08564814814814815 0.004166666666666667 0.008333333333333333
1 0.4778645833333333 0.08935185185185185 0.0046875 0.008333333333333333
1 0.4765625 0.08564814814814815 0.004166666666666667 0.006481481481481481
1 0.45807291666666666 0.07546296296296297 0.0036458333333333334 0.006481481481481481
1 0.47994791666666664 0.075 0.0046875 0.007407407407407408