2 0.08489583333333334 0.2791666666666667 0.004166666666666667 0.006481481481481481
2 0.07734375 0.2828703703703704 0.0036458333333333334 0.006481481481481481
2 0.06770833333333333 0.28425925925925927 0.003125 0.005555555555555556
2 0.05390625 0.28703703703703703 0.0046875 0.005555555555555556
2 0.06328125 0.287962962962963 0.0026041666666666665 0.005555555555555556
2 0.07005208333333333 0.2861111111111111 0.0026041666666666665 0.005555555555555556
2 0.054427083333333334 0.32222222222222224 0.0046875 0.003703703703703704
2 0.018229166666666668 0.3300925925925926 0.004166666666666667 0.004629629629629629
2 0.15130208333333334 0.29305555555555557 0.005729166666666666 0.013888888888888888
2 0.17239583333333333 0.2828703703703704 0.005208333333333333 0.012037037037037037
2 0.24609375 0.2712962962962963 0.005729166666666666 0.012962962962962963
2 0.2994791666666667 0.2462962962962963 0.004166666666666667 0.011111111111111112
2 0.39739583333333334 0.2050925925925926 0.003125 0.004629629629629629
2 0.39479166666666665 0.20601851851851852 0.0020833333333333333 0.006481481481481481
2 0.37109375 0.2074074074074074 0.0026041666666666665 0.005555555555555556
2 0.36822916666666666 0.20833333333333334 0.0020833333333333333 0.005555555555555556
2 0.36302083333333335 0.2162037037037037 0.003125 0.006481481481481481
2 0.35234375 0.21805555555555556 0.0036458333333333334 0.006481481481481481
2 0.3424479166666667 0.2199074074074074 0.0026041666666666665 0.004629629629629629
2 0.4432291666666667 0.20879629629629629 0.0020833333333333333 0.004629629629629629
2 0.43697916666666664 0.2125 0.0020833333333333333 0.006481481481481481
2 0.5091145833333334 0.2064814814814815 0.0026041666666666665 0.005555555555555556
2 0.546875 0.20462962962962963 0.0020833333333333333 0.005555555555555556
2 0.5536458333333333 0.21435185185185185 0.0020833333333333333 0.006481481481481481
2 0.6549479166666666 0.2375 0.0026041666666666665 0.006481481481481481
2 0.6674479166666667 0.24166666666666667 0.0026041666666666665 0.003703703703703704
2 0.7513020833333334 0.25416666666666665 0.0026041666666666665 0.002777777777777778
2 0.7434895833333334 0.2662037037037037 0.0046875 0.002777777777777778
2 0.71953125 0.25 0.0036458333333333334 0.003703703703703704
2 0.7140625 0.24722222222222223 0.003125 0.003703703703703704
2 0.6940104166666666 0.24583333333333332 0.0026041666666666665 0.002777777777777778
2 0.6885416666666667 0.24259259259259258 0.003125 0.003703703703703704
1 0.030208333333333334 0.2953703703703704 0.003125 0.005555555555555556
1 0.025 0.2972222222222222 0.003125 0.005555555555555556
1 0.021875 0.29814814814814816 0.003125 0.005555555555555556
1 0.0171875 0.29907407407407405 0.003125 0.005555555555555556
1 0.019010416666666665 0.9439814814814815 0.030729166666666665 0.03425925925925926
1 0.041666666666666664 0.9324074074074075 0.034375 0.03518518518518519
3 0.01171875 0.36018518518518516 0.022395833333333334 0.06851851851851852
3 0.06458333333333334 0.33055555555555555 0.019791666666666666 0.06111111111111111
3 0.98125 0.38564814814814813 0.029166666666666667 0.0712962962962963
3 0.9223958333333333 0.34953703703703703 0.020833333333333332 0.06574074074074074